scen. (nsig,    nbg)        BDT_cut signif. sig_eff bg_eff
(noSmear)
BP18 (9514.59, 743707) 0.0931 32.3841 0.397552 0.0132583
HP2 (1125.68, 743707) 0.1118 7.48895 0.531744 0.00778513
HP3 (3462.99, 743707) 0.1118 13.9485 0.335863 0.00778513
HP5 (2707.95, 743707) 0.1211 19.1525 0.54244 0.00593404
HP6 (1506.91, 743707) 0.1118 9.91863 0.534546 0.00778513
HP7 (1440.53, 743707) 0.1118 9.23224 0.518143 0.00778513
HP8 (918.942, 743707) 0.1118 5.68827 0.48894 0.00778513
HP9 (1226.12, 743707) 0.1488 8.50978 0.325738 0.00242481
HP10 (367.682, 743707) 0.0937 2.054 0.556083 0.0130487
HP11 (6974.45, 743707) 0.1211 37.9965 0.479928 0.00593404
HP12 (4074.24, 743707) 0.1487 23.1415 0.316149 0.0024338
HP13 (6418.01, 743707) 0.1211 39.9761 0.556612 0.00593404
HP14 (2737.25, 743707) 0.1488 14.9019 0.275284 0.00242481
HP15 (6181.97, 743707) 0.1211 35.5884 0.498355 0.00593404
HP16 (5699.98, 743707) 0.1225 37.1669 0.564361 0.0057473
HP17 (2201.31, 743707) 0.1151 14.1852 0.515756 0.00708695
HP18 (5273.19, 743707) 0.1487 35.7624 0.43425 0.0024338
HP19 (4693.19, 743707) 0.1437 32.5688 0.457911 0.00296488
HP20 (3235.51, 743707) 0.1487 24.4174 0.426164 0.0024338
BP21 (8036.69, 743707) 0.052 16.7319 0.589953 0.101593
BP23 (10285.6, 743707) 0.0715 22.3085 0.493375 0.0627548
HP1 (8019.89, 743707) 0.0568 17.3585 0.584766 0.0918404
HP4 (3373.62, 743707) -0.0093 5.4043 0.764662 0.302904
 
scen. (nsig,    nbg)        BDT_cut signif. sig_eff bg_eff
(withSmear1_smearedEFlow)
BP18 (9500.87, 747380) 0.0474 31.722 0.422229 0.0160299
HP2 (1125.11, 747380) 0.0848 9.22666 0.547196 0.00513351
HP3 (3449.85, 747380) 0.0715 13.6351 0.329926 0.00780046
HP5 (2707.32, 747380) 0.0852 20.9988 0.566091 0.00507666
HP6 (1505.58, 747380) 0.0848 12.2524 0.556388 0.00513351
HP7 (1439.64, 747380) 0.0848 11.4155 0.538496 0.00513351
HP8 (918.609, 747380) 0.0848 7.03343 0.501947 0.00513351
HP9 (1226.85, 747380) 0.0852 7.82487 0.418614 0.00507666
HP10 (367.25, 747380) 0.0714 2.5973 0.549725 0.0078139
HP11 (6963.91, 747380) 0.0848 38.5562 0.465901 0.00513351
HP12 (4073.24, 747380) 0.0852 23.3431 0.426173 0.00507666
HP13 (6416.12, 747380) 0.0848 41.4756 0.556304 0.00513351
HP14 (2733.44, 747380) 0.0852 15.0591 0.38336 0.00507666
HP15 (6182.33, 747380) 0.0848 36.1194 0.48246 0.00513351
HP16 (5696.48, 747380) 0.0848 38.7326 0.572946 0.00513351
HP17 (2198.41, 747380) 0.0848 16.9134 0.546024 0.00513351
HP18 (5271.21, 747380) 0.0852 36.0797 0.562798 0.00507666
HP19 (4690.64, 747380) 0.0852 34.2427 0.59171 0.00507666
HP20 (3235.2, 747380) 0.1134 23.9799 0.388231 0.00199014
BP21 (8025.6, 747380) 0.0635 18.2476 0.426454 0.0424907
BP23 (10265.2, 747380) 0.063 23.7605 0.444125 0.0431597
HP1 (8008.66, 747380) 0.0752 19.7081 0.388589 0.0291995
HP4 (3371.08, 747380) -0.0105 5.63391 0.694093 0.227656
 
scen. (nsig,    nbg)        BDT_cut signif. sig_eff bg_eff
(noSmear)
BP18 (9514.59, 743707) 0.0931 32.3841 0.397552 0.0132583
HP2 (1125.68, 743707) 0.1118 7.48895 0.531744 0.00778513
HP3 (3462.99, 743707) 0.1118 13.9485 0.335863 0.00778513
HP5 (2707.95, 743707) 0.1211 19.1525 0.54244 0.00593404
HP6 (1506.91, 743707) 0.1118 9.91863 0.534546 0.00778513
HP7 (1440.53, 743707) 0.1118 9.23224 0.518143 0.00778513
HP8 (918.942, 743707) 0.1118 5.68827 0.48894 0.00778513
HP9 (1226.12, 743707) 0.1488 8.50978 0.325738 0.00242481
HP10 (367.682, 743707) 0.0937 2.054 0.556083 0.0130487
HP11 (6974.45, 743707) 0.1211 37.9965 0.479928 0.00593404
HP12 (4074.24, 743707) 0.1487 23.1415 0.316149 0.0024338
HP13 (6418.01, 743707) 0.1211 39.9761 0.556612 0.00593404
HP14 (2737.25, 743707) 0.1488 14.9019 0.275284 0.00242481
HP15 (6181.97, 743707) 0.1211 35.5884 0.498355 0.00593404
HP16 (5699.98, 743707) 0.1225 37.1669 0.564361 0.0057473
HP17 (2201.31, 743707) 0.1151 14.1852 0.515756 0.00708695
HP18 (5273.19, 743707) 0.1487 35.7624 0.43425 0.0024338
HP19 (4693.19, 743707) 0.1437 32.5688 0.457911 0.00296488
HP20 (3235.51, 743707) 0.1487 24.4174 0.426164 0.0024338
BP21 (8036.69, 743707) 0.052 16.7319 0.589953 0.101593
BP23 (10285.6, 743707) 0.0715 22.3085 0.493375 0.0627548
HP1 (8019.89, 743707) 0.0568 17.3585 0.584766 0.0918404
HP4 (3373.62, 743707) -0.0093 5.4043 0.764662 0.302904
 
scen. (nsig,    nbg)        BDT_cut signif. sig_eff bg_eff
(withSmear1_smearedEFlow, trained on no smear)
BP18 (9500.87, 747380) 0.1124 31.6856 0.313426 0.00783332
HP2 (1125.11, 747380) 0.1238 7.42234 0.442044 0.00534213
HP3 (3449.85, 747380) 0.1241 13.6386 0.27741 0.00530767
HP5 (2707.32, 747380) 0.1238 19.3356 0.525578 0.00534213
HP6 (1505.58, 747380) 0.1119 9.7745 0.533195 0.00795088
HP7 (1439.64, 747380) 0.1119 9.13761 0.519136 0.00795088
HP8 (918.609, 747380) 0.1124 5.60008 0.483834 0.00783332
HP9 (1226.85, 747380) 0.1424 8.43937 0.35802 0.00303667
HP10 (367.25, 747380) 0.1119 2.01856 0.429284 0.00795088
HP11 (6963.91, 747380) 0.1239 38.1918 0.466204 0.0053249
HP12 (4073.24, 747380) 0.1239 23.1999 0.431407 0.0053249
HP13 (6416.12, 747380) 0.1239 40.1918 0.540627 0.0053249
HP14 (2733.44, 747380) 0.1237 14.9603 0.389735 0.00535935
HP15 (6182.33, 747380) 0.1238 35.6661 0.481647 0.00534213
HP16 (5696.48, 747380) 0.1239 37.4206 0.555162 0.0053249
HP17 (2198.41, 747380) 0.1237 14.2424 0.458739 0.00535935
HP18 (5271.21, 747380) 0.1424 35.749 0.466307 0.00303667
HP19 (4690.64, 747380) 0.1424 32.7068 0.465237 0.00303667
HP20 (3235.2, 747380) 0.1424 24.2072 0.458351 0.00303667
BP21 (8025.6, 747380) 0.0621 16.6132 0.521049 0.0791794
BP23 (10265.2, 747380) 0.0719 21.9109 0.480416 0.0611824
HP1 (8008.66, 747380) 0.0577 17.3273 0.574975 0.0883346
HP4 (3371.08, 747380) -0.0093 5.34103 0.756935 0.301982
 
scen. (nsig,    nbg)        BDT_cut signif. sig_eff bg_eff
(noSmear)
BP18 (9514.59, 743707) 0.0911 32.5047 0.38402 0.0120771
HP2 (1125.68, 743707) 0.1141 8.05235 0.520566 0.006333
HP3 (3462.99, 743707) 0.0935 13.8468 0.395567 0.0113176
HP5 (2707.95, 743707) 0.1262 21.0917 0.539309 0.00448294
HP6 (1506.91, 743707) 0.1173 10.7488 0.507274 0.0057726
HP7 (1440.53, 743707) 0.1141 10.0527 0.515282 0.006333
HP8 (918.942, 743707) 0.1141 6.19958 0.484383 0.006333
HP9 (1226.12, 743707) 0.1701 8.81875 0.226867 0.000963775
HP10 (367.682, 743707) 0.1053 2.24055 0.483734 0.00823404
HP11 (6974.45, 743707) 0.1173 39.137 0.493531 0.0057726
HP12 (4074.24, 743707) 0.1262 23.6672 0.411127 0.00448294
HP13 (6418.01, 743707) 0.1262 42.8759 0.554687 0.00448294
HP14 (2737.25, 743707) 0.1173 15.1729 0.407676 0.0057726
HP15 (6181.97, 743707) 0.1262 36.708 0.468749 0.00448294
HP16 (5699.98, 743707) 0.1262 40.0509 0.570132 0.00448294
HP17 (2201.31, 743707) 0.1173 15.4917 0.518833 0.0057726
HP18 (5273.19, 743707) 0.1262 37.9106 0.573188 0.00448294
HP19 (4693.19, 743707) 0.1262 35.2108 0.584975 0.00448294
HP20 (3235.51, 743707) 0.1367 25.3259 0.505513 0.00340891
BP21 (8036.69, 743707) 0.0664 16.2134 0.517273 0.0828086
BP23 (10285.6, 743707) 0.0717 21.5595 0.507951 0.0719384
HP1 (8019.89, 743707) 0.0728 17.632 0.520192 0.0696666
HP4 (3373.62, 743707) -0.0152 5.19396 0.782199 0.343531
 
scen. (nsig,    nbg)        BDT_cut signif. sig_eff bg_eff
(withSmear1_smearedEFlow, trained on no smear)
BP18 (9500.87, 747380) 0.0799 32.0183 0.438123 0.0170446
HP2 (1125.11, 747380) 0.1112 7.80287 0.540266 0.0073067
HP3 (3449.85, 747380) 0.1087 13.5132 0.329124 0.00792705
HP5 (2707.32, 747380) 0.1319 20.856 0.505627 0.00393261
HP6 (1505.58, 747380) 0.1111 10.4134 0.548866 0.00732014
HP7 (1439.64, 747380) 0.1107 9.76734 0.538861 0.00740253
HP8 (918.609, 747380) 0.1111 6.00193 0.503275 0.00732014
HP9 (1226.85, 747380) 0.1537 8.85186 0.303762 0.00187294
HP10 (367.25, 747380) 0.1021 2.17927 0.504448 0.00942135
HP11 (6963.91, 747380) 0.1319 38.4346 0.423517 0.00393261
HP12 (4073.24, 747380) 0.1319 23.3302 0.38444 0.00393261
HP13 (6416.12, 747380) 0.1319 42.481 0.526148 0.00393261
HP14 (2733.44, 747380) 0.1319 14.9347 0.339804 0.00393261
HP15 (6182.33, 747380) 0.1319 36.1646 0.440084 0.00393261
HP16 (5696.48, 747380) 0.1347 39.6432 0.525425 0.00362229
HP17 (2198.41, 747380) 0.1319 15.0713 0.4269 0.00393261
HP18 (5271.21, 747380) 0.1347 37.5885 0.528512 0.00362229
HP19 (4690.64, 747380) 0.1355 34.9823 0.535852 0.00354435
HP20 (3235.2, 747380) 0.1537 25.6099 0.414397 0.00187294
BP21 (8025.6, 747380) 0.0636 16.089 0.530936 0.0881494
BP23 (10265.2, 747380) 0.0735 21.2891 0.490817 0.0681995
HP1 (8008.66, 747380) 0.0722 17.3732 0.517317 0.0705478
HP4 (3371.08, 747380) -0.0095 5.15157 0.749198 0.318215
 
scen. (nsig,    nbg)        BDT_cut signif. sig_eff bg_eff
(withSmear1_smearedEFlow, trained on smeared sample)
BP18 (9500.87, 747380) 0.0633 32.0913 0.393332 0.0131437
HP2 (1125.11, 747380) 0.0895 8.10721 0.509394 0.00591991
HP3 (3449.85, 747380) 0.0997 13.5538 0.24995 0.0042618
HP5 (2707.32, 747380) 0.0932 19.4504 0.525049 0.00524437
HP6 (1505.58, 747380) 0.0895 10.7012 0.512338 0.00591991
HP7 (1439.64, 747380) 0.0895 9.86616 0.490909 0.00591991
HP8 (918.609, 747380) 0.0895 6.00795 0.455125 0.00591991
HP9 (1226.85, 747380) 0.0986 7.8801 0.395446 0.00442251
HP10 (367.25, 747380) 0.0633 2.21658 0.604932 0.0131437
HP11 (6963.91, 747380) 0.0932 38.6096 0.470261 0.00524437
HP12 (4073.24, 747380) 0.0997 23.6544 0.403551 0.0042618
HP13 (6416.12, 747380) 0.0982 41.8804 0.538839 0.00449216
HP14 (2733.44, 747380) 0.0997 15.2459 0.360157 0.0042618
HP15 (6182.33, 747380) 0.0997 36.3871 0.456086 0.0042618
HP16 (5696.48, 747380) 0.0997 39.1583 0.545231 0.0042618
HP17 (2198.41, 747380) 0.0895 15.2429 0.517058 0.00591991
HP18 (5271.21, 747380) 0.0997 36.7771 0.542434 0.0042618
HP19 (4690.64, 747380) 0.0997 34.0981 0.552514 0.0042618
HP20 (3235.2, 747380) 0.0997 24.3244 0.525519 0.0042618
BP21 (8025.6, 747380) 0.0512 17.6105 0.450544 0.0515707
BP23 (10265.2, 747380) 0.064 23.2825 0.39345 0.0348597
HP1 (8008.66, 747380) 0.0797 19.6512 0.318719 0.019159
HP4 (3371.08, 747380) -0.0154 5.62446 0.705416 0.235998
 
scen. (nsig,    nbg)        BDT_cut signif. sig_eff bg_eff
(noSmear)
BP18 (9514.59, 743707) 0.096 32.7067 0.394775 0.0126834
HP2 (1125.68, 743707) 0.1572 11.1673 0.456713 0.00215854
HP3 (3462.99, 743707) 0.1154 14.7459 0.354433 0.00766559
HP5 (2707.95, 743707) 0.1579 26.3425 0.534593 0.00211426
HP6 (1506.91, 743707) 0.1572 14.3181 0.45475 0.00215854
HP7 (1440.53, 743707) 0.1572 13.554 0.446105 0.00215854
HP8 (918.942, 743707) 0.1579 8.44863 0.405468 0.00211426
HP9 (1226.12, 743707) 0.1766 11.3494 0.320388 0.0010827
HP10 (367.682, 743707) 0.1357 2.86557 0.445468 0.00417269
HP11 (6974.45, 743707) 0.1334 42.9222 0.51064 0.00446855
HP12 (4074.24, 743707) 0.1357 25.8746 0.445359 0.00417269
HP13 (6418.01, 743707) 0.148 47.9912 0.572127 0.00293423
HP14 (2737.25, 743707) 0.1357 16.4917 0.388967 0.00417269
HP15 (6181.97, 743707) 0.1357 40.8141 0.526414 0.00417269
HP16 (5699.98, 743707) 0.1543 45.206 0.558417 0.00238623
HP17 (2201.31, 743707) 0.1572 19.9723 0.465243 0.00215854
HP18 (5273.19, 743707) 0.1572 43.0141 0.546372 0.00215854
HP19 (4693.19, 743707) 0.1572 40.4058 0.560258 0.00215854
HP20 (3235.51, 743707) 0.1629 29.8765 0.501666 0.00178625
BP21 (8036.69, 743707) 0.063 18.2458 0.481835 0.0553588
BP23 (10285.6, 743707) 0.0777 24.5916 0.410336 0.0339316
HP1 (8019.89, 743707) 0.0825 21.3332 0.414434 0.0281697
HP4 (3373.62, 743707) 0.0332 6.76797 0.607392 0.120502
 
scen. (nsig,    nbg)        BDT_cut signif. sig_eff bg_eff
(withSmear1_smearedEFlow, trained on smeared sample)
BP18 (9500.87, 747380) 0.0964 31.9266 0.383743 0.0125704
HP2 (1125.11, 747380) 0.1748 11.6074 0.360272 0.00108933
HP3 (3449.85, 747380) 0.1242 13.9619 0.304069 0.00614935
HP5 (2707.32, 747380) 0.1689 24.6521 0.430608 0.00143239
HP6 (1505.58, 747380) 0.1689 14.2883 0.385628 0.00143239
HP7 (1439.64, 747380) 0.1689 13.21 0.366891 0.00143239
HP8 (918.609, 747380) 0.1748 8.21399 0.294491 0.00108933
HP9 (1226.85, 747380) 0.1704 10.2912 0.312673 0.00134579
HP10 (367.25, 747380) 0.1237 2.60274 0.493434 0.00624358
HP11 (6963.91, 747380) 0.1242 40.6769 0.532222 0.00614935
HP12 (4073.24, 747380) 0.1242 24.3928 0.485538 0.00614935
HP13 (6416.12, 747380) 0.1366 44.8928 0.594083 0.00454582
HP14 (2733.44, 747380) 0.1242 15.6568 0.435731 0.00614935
HP15 (6182.33, 747380) 0.1242 38.6711 0.561909 0.00614935
HP16 (5696.48, 747380) 0.1689 42.1298 0.443587 0.00143239
HP17 (2198.41, 747380) 0.1689 19.4172 0.387192 0.00143239
HP18 (5271.21, 747380) 0.1689 39.9314 0.44161 0.00143239
HP19 (4690.64, 747380) 0.1689 37.8274 0.457305 0.00143239
HP20 (3235.2, 747380) 0.1748 27.9855 0.395944 0.00108933
BP21 (8025.6, 747380) 0.0733 18.7208 0.420692 0.0390032
BP23 (10265.2, 747380) 0.0575 24.7877 0.549015 0.0616251
HP1 (8008.66, 747380) 0.0734 22.001 0.499499 0.0388825
HP4 (3371.08, 747380) 0.0402 6.98392 0.566145 0.0973662
 
scen. (nsig,    nbg)        BDT_cut signif. sig_eff bg_eff
(noSmear)
BP18 (9514.59, 743707) 0.097 32.7054 0.382949 0.0117894
HP2 (1125.68, 743707) 0.1466 11.0326 0.512655 0.00290301
HP3 (3462.99, 743707) 0.1022 14.9014 0.408347 0.0102075
HP5 (2707.95, 743707) 0.1597 25.9756 0.507688 0.00191796
HP6 (1506.91, 743707) 0.1417 14.1874 0.539699 0.0033249
HP7 (1440.53, 743707) 0.1417 13.3181 0.525405 0.0033249
HP8 (918.942, 743707) 0.1417 8.32182 0.489574 0.0033249
HP9 (1226.12, 743707) 0.1803 11.8788 0.298989 0.00078772
HP10 (367.682, 743707) 0.1383 2.82486 0.411621 0.00365611
HP11 (6974.45, 743707) 0.1383 42.9287 0.479203 0.00365611
HP12 (4074.24, 743707) 0.1387 25.9455 0.422702 0.00360861
HP13 (6418.01, 743707) 0.1417 48.6615 0.604219 0.0033249
HP14 (2737.25, 743707) 0.1387 16.3705 0.362624 0.00360861
HP15 (6181.97, 743707) 0.1387 41.0983 0.507121 0.00360861
HP16 (5699.98, 743707) 0.1417 45.8088 0.624067 0.0033249
HP17 (2201.31, 743707) 0.1465 19.7951 0.516842 0.002912
HP18 (5273.19, 743707) 0.1471 43.4895 0.599815 0.00285939
HP19 (4693.19, 743707) 0.1465 40.8266 0.619642 0.002912
HP20 (3235.51, 743707) 0.1761 30.2071 0.42624 0.000948325
BP21 (8036.69, 743707) 0.0749 18.2393 0.401809 0.037806
BP23 (10285.6, 743707) 0.0857 25.2434 0.364399 0.0246031
HP1 (8019.89, 743707) 0.0886 21.7285 0.372451 0.0213941
HP4 (3373.62, 743707) 0.0346 6.78421 0.605506 0.119161
 
scen. (nsig,    nbg)        BDT_cut signif. sig_eff bg_eff
(withSmear1_smearedEFlow, wages trained on non-smeared sample)
BP18 (9500.87, 747380) 0.1042 32.2422 0.352635 0.00996451
HP2 (1125.11, 747380) 0.1514 11.2171 0.480155 0.00238068
HP3 (3449.85, 747380) 0.116 14.7082 0.344959 0.00716717
HP5 (2707.32, 747380) 0.1555 26.33 0.53313 0.00208949
HP6 (1505.58, 747380) 0.1514 14.3428 0.475923 0.00238068
HP7 (1439.64, 747380) 0.1514 13.4685 0.462626 0.00238068
HP8 (918.609, 747380) 0.1514 8.41989 0.42714 0.00238068
HP9 (1226.85, 747380) 0.1987 11.7295 0.210495 0.000303043
HP10 (367.25, 747380) 0.1514 2.7802 0.330023 0.00238068
HP11 (6963.91, 747380) 0.1296 42.4549 0.524956 0.00502957
HP12 (4073.24, 747380) 0.1514 25.626 0.35796 0.00238068
HP13 (6416.12, 747380) 0.1514 48.6775 0.554124 0.00238068
HP14 (2733.44, 747380) 0.1514 16.0277 0.298748 0.00238068
HP15 (6182.33, 747380) 0.1387 40.3549 0.506434 0.00386485
HP16 (5696.48, 747380) 0.1514 46.1273 0.576045 0.00238068
HP17 (2198.41, 747380) 0.1514 19.9781 0.484702 0.00238068
HP18 (5271.21, 747380) 0.1514 43.7145 0.57525 0.00238068
HP19 (4690.64, 747380) 0.1514 41.2322 0.593926 0.00238068
HP20 (3235.2, 747380) 0.1555 30.2846 0.537898 0.00208949
BP21 (8025.6, 747380) 0.0795 18.3635 0.367027 0.0304855
BP23 (10265.2, 747380) 0.0785 25.0794 0.409161 0.0319076
HP1 (8008.66, 747380) 0.0795 21.3487 0.431832 0.0304855
HP4 (3371.08, 747380) 0.0271 6.74917 0.653897 0.13978
 
            NO CMS ANGLES           
scen. (nsig,    nbg)        BDT_cut signif. sig_eff bg_eff
(noSmear)
BP18 (9514.59, 743707) 0.0993 32.0917 0.390928 0.0130616
HP2 (1125.68, 743707) 0.1556 10.1301 0.454743 0.00274518
HP3 (3462.99, 743707) 0.1282 14.3168 0.315895 0.00637951
HP5 (2707.95, 743707) 0.1556 24.5804 0.536602 0.00274518
HP6 (1506.91, 743707) 0.1506 13.2096 0.491417 0.00322991
HP7 (1440.53, 743707) 0.1506 12.5241 0.484017 0.00322991
HP8 (918.942, 743707) 0.1556 7.8088 0.418565 0.00274518
HP9 (1226.12, 743707) 0.1964 10.9635 0.229047 0.000504665
HP10 (367.682, 743707) 0.1426 2.62304 0.403347 0.00409883
HP11 (6974.45, 743707) 0.1426 42.3154 0.487102 0.00409883
HP12 (4074.24, 743707) 0.1426 25.5376 0.435241 0.00409883
HP13 (6418.01, 743707) 0.1506 47.4253 0.577548 0.00322991
HP14 (2737.25, 743707) 0.1426 16.0299 0.373657 0.00409883
HP15 (6181.97, 743707) 0.1432 40.3662 0.512733 0.00402883
HP16 (5699.98, 743707) 0.1556 44.6135 0.568997 0.00274518
HP17 (2201.31, 743707) 0.1432 18.2762 0.536618 0.00402883
HP18 (5273.19, 743707) 0.1556 42.6865 0.577293 0.00274518
HP19 (4693.19, 743707) 0.1556 39.6962 0.585306 0.00274518
HP20 (3235.51, 743707) 0.1684 29.2952 0.492393 0.00183447
BP21 (8036.69, 743707) 0.0798 18.3108 0.384823 0.0341997
BP23 (10285.6, 743707) 0.0952 24.9967 0.319788 0.0188593
HP1 (8019.89, 743707) 0.0787 21.4259 0.466613 0.0359859
HP4 (3373.62, 743707) 0.0325 6.67571 0.612483 0.126042
 
scen. (nsig,    nbg)        BDT_cut signif. sig_eff bg_eff
(withSmear1_smearedEFlow, wages trained on smeared sample)
BP18 (9500.87, 747380) 0.1013 30.8306 0.372184 0.0128697
HP2 (1125.11, 747380) 0.1767 10.5513 0.347934 0.00131797
HP3 (3449.85, 747380) 0.1141 13.6915 0.360393 0.00936988
HP5 (2707.32, 747380) 0.1455 24.1598 0.605251 0.00396244
HP6 (1505.58, 747380) 0.1455 13.1093 0.534334 0.00396244
HP7 (1439.64, 747380) 0.1455 12.2064 0.516049 0.00396244
HP8 (918.609, 747380) 0.1455 7.29992 0.46243 0.00396244
HP9 (1226.85, 747380) 0.1455 9.63211 0.466733 0.00396244
HP10 (367.25, 747380) 0.1141 2.30274 0.531981 0.00936988
HP11 (6963.91, 747380) 0.1455 41.1617 0.465538 0.00396244
HP12 (4073.24, 747380) 0.1455 24.6901 0.413076 0.00396244
HP13 (6416.12, 747380) 0.1455 46.3669 0.595006 0.00396244
HP14 (2733.44, 747380) 0.1455 15.4155 0.353434 0.00396244
HP15 (6182.33, 747380) 0.1455 39.3972 0.49434 0.00396244
HP16 (5696.48, 747380) 0.1455 43.4573 0.612788 0.00396244
HP17 (2198.41, 747380) 0.155 18.7724 0.4956 0.00304929
HP18 (5271.21, 747380) 0.155 41.095 0.565379 0.00304929
HP19 (4690.64, 747380) 0.155 38.5058 0.580608 0.00304929
HP20 (3235.2, 747380) 0.1767 28.3555 0.426109 0.00131797
BP21 (8025.6, 747380) 0.0649 18.7421 0.47944 0.0512471
BP23 (10265.2, 747380) 0.0805 25.187 0.416464 0.0328272
HP1 (8008.66, 747380) 0.0873 22.1472 0.415816 0.0257955
HP4 (3371.08, 747380) 0.0328 6.7919 0.602567 0.116962
 
scen. (nsig,    nbg)        BDT_cut signif. sig_eff bg_eff
(withSmear1_smearedEFlow, wages trained on non-smeared sample)
BP18 (9500.87, 747380) 0.0968 31.7014 0.402789 0.0143773
HP2 (1125.11, 747380) 0.1513 10.028 0.48331 0.00320681
HP3 (3449.85, 747380) 0.0968 14.1156 0.453999 0.0143773
HP5 (2707.32, 747380) 0.1513 24.3221 0.562431 0.00320681
HP6 (1505.58, 747380) 0.15 13.0611 0.493788 0.00334022
HP7 (1439.64, 747380) 0.1515 12.4314 0.478676 0.00318958
HP8 (918.609, 747380) 0.15 7.73757 0.454702 0.00334022
HP9 (1226.85, 747380) 0.1502 10.5923 0.478416 0.00332299
HP10 (367.25, 747380) 0.149 2.5934 0.367817 0.00344927
HP11 (6963.91, 747380) 0.149 41.8955 0.456455 0.00344927
HP12 (4073.24, 747380) 0.15 25.3231 0.399158 0.00334022
HP13 (6416.12, 747380) 0.149 47.2042 0.585576 0.00344927
HP14 (2733.44, 747380) 0.149 15.88 0.344682 0.00344927
HP15 (6182.33, 747380) 0.149 40.0238 0.482866 0.00344927
HP16 (5696.48, 747380) 0.1528 44.3646 0.584033 0.00307296
HP17 (2198.41, 747380) 0.1513 18.124 0.485168 0.00320681
HP18 (5271.21, 747380) 0.1572 42.2532 0.568035 0.00271276
HP19 (4690.64, 747380) 0.1528 39.3884 0.600459 0.00307296
HP20 (3235.2, 747380) 0.1609 28.9475 0.532737 0.00243705
BP21 (8025.6, 747380) 0.079 18.0211 0.386035 0.035401
BP23 (10265.2, 747380) 0.079 24.5427 0.419341 0.035401
HP1 (8008.66, 747380) 0.0786 21.1504 0.463063 0.0361738
HP4 (3371.08, 747380) 0.0341 6.62352 0.598226 0.121338

scen. (nsig,    nbg)        BDT_cut signif. sig_eff bg_eff
(with overlay, cuts for fast sim)
BP18 (9228.81, 863075) 0.1048 26.0737 0.320705 0.0115003
HP2 (1023.47, 863075) 0.1048 4.34989 0.432774 0.0115003
HP3 (3427.45, 863075) 0.1194 13.0352 0.326413 0.00723858
HP5 (2295.39, 863075) 0.1921 13.8441 0.158025 0.000375121
HP6 (1375.68, 863075) 0.1048 6.00397 0.44811 0.0115003
HP7 (1285.01, 863075) 0.1048 5.62284 0.448416 0.0115003
HP8 (824.044, 863075) 0.0994 3.37382 0.450379 0.0135905
HP9 (1131.66, 863075) 0.1514 8.46564 0.360118 0.00221287
HP10 (413.954, 863075) 0.0711 1.36661 0.523738 0.028909
HP11 (6520.19, 863075) 0.1514 34.7526 0.343285 0.00221287
HP12 (3881.68, 863075) 0.1514 21.6166 0.310895 0.00221287
HP13 (5784.11, 863075) 0.1514 35.3903 0.396749 0.00221287
HP14 (2631.41, 863075) 0.1514 13.9165 0.270834 0.00221287
HP15 (5812.33, 863075) 0.1514 34.0089 0.373878 0.00221287
HP16 (5077.56, 863075) 0.1514 33.2109 0.414394 0.00221287
HP17 (2023.31, 863075) 0.1048 8.86759 0.456504 0.0115003
HP18 (4749.97, 863075) 0.1514 32.7881 0.43536 0.00221287
HP19 (4123.75, 863075) 0.1514 27.7429 0.401787 0.00221287
HP20 (2951.3, 863075) 0.1514 22.9525 0.44065 0.00221287
 
scen. (nsig,    nbg)        BDT_cut signif. sig_eff bg_eff
(with overlay, cuts for fast sim, corrected CMS angles)
BP18 (9234.64, 865869) 0.1081 26.1785 0.301786 0.00987013
HP2 (1024.77, 865869) 0.1066 4.69938 0.445121 0.0103545
HP3 (3429.45, 865869) 0.1109 13.1199 0.364331 0.00903136
HP5 (2296.42, 865869) 0.1566 13.0534 0.247843 0.00153829
HP6 (1377.48, 865869) 0.1066 6.35099 0.451448 0.0103545
HP7 (1286.43, 865869) 0.1084 5.8857 0.434484 0.00976974
HP8 (825.098, 865869) 0.1066 3.45388 0.403657 0.0103545
HP9 (1132.61, 865869) 0.1566 8.103 0.291693 0.00153829
HP10 (414.662, 865869) 0.0816 1.38124 0.457857 0.0216008
HP11 (6524.83, 865869) 0.1356 34.0758 0.397411 0.00369293
HP12 (3884.94, 865869) 0.1566 21.4529 0.26929 0.00153829
HP13 (5788.02, 865869) 0.1566 34.7887 0.347547 0.00153829
HP14 (2633.32, 865869) 0.1566 13.8698 0.232191 0.00153829
HP15 (5815.56, 865869) 0.1356 33.1825 0.430916 0.00369293
HP16 (5080.19, 865869) 0.1566 32.7323 0.36316 0.00153829
HP17 (2024.84, 865869) 0.1084 9.58393 0.458603 0.00976974
HP18 (4752.46, 865869) 0.1566 32.0539 0.376941 0.00153829
HP19 (4126.49, 865869) 0.1578 27.5824 0.347816 0.00146952
HP20 (2952.84, 865869) 0.1566 22.4813 0.376322 0.00153829
 
scen. (nsig,    nbg)        BDT_cut signif. sig_eff bg_eff
(with overlay, cuts for fast sim, reweighted signal events, no pruning, no randomised trees, PCA)
BP18 (9234.64, 865869) 0.1447 23.7599 0.161625 0.00283365
HP2 (1024.77, 865869) 0.1342 6.34794 0.397804 0.00429215
HP3 (3429.45, 865869) 0.1306 13.4741 0.283496 0.00489018
HP5 (2296.42, 865869) 0.1779 16.3073 0.22764 0.000583082
HP6 (1377.48, 865869) 0.1343 8.72394 0.41389 0.004274
HP7 (1286.43, 865869) 0.1343 8.15428 0.412315 0.004274
HP8 (825.098, 865869) 0.1343 5.08597 0.390986 0.004274
HP9 (1132.61, 865869) 0.1779 10.9035 0.275069 0.000583082
HP10 (414.662, 865869) 0.1196 2.11959 0.408629 0.0071849
HP11 (6524.83, 865869) 0.1652 34.923 0.284686 0.00112208
HP12 (3884.94, 865869) 0.1726 22.3935 0.225986 0.000761204
HP13 (5788.02, 865869) 0.1652 37.5242 0.357499 0.00112208
HP14 (2633.32, 865869) 0.1726 14.6214 0.188809 0.000761204
HP15 (5815.56, 865869) 0.1652 34.7717 0.317351 0.00112208
HP16 (5080.19, 865869) 0.1726 35.6253 0.344038 0.000761204
HP17 (2024.84, 865869) 0.1343 11.8921 0.393907 0.004274
HP18 (4752.46, 865869) 0.1726 35.1277 0.359744 0.000761204
HP19 (4126.49, 865869) 0.1726 30.9698 0.341231 0.000761204
HP20 (2952.84, 865869) 0.1779 25.6859 0.336846 0.000583082
BP21 (7733.46, 865869) 0.0842 18.449 0.450684 0.0371932
BP23 (10071.2, 865869) 0.1022 24.3263 0.363768 0.0219633
HP1 (7811.45, 865869) 0.1158 22.9357 0.351622 0.0133908
HP4 (3245.88, 865869) 0.0842 8.62273 0.488319 0.0371932
 
scen. (nsig,    nbg)        BDT_cut signif. sig_eff bg_eff
(with overlay, cuts for fast sim, reweighted signal events divided by number of samples, no pruning, no randomised trees, PCA)
BP18 (9234.64, 865869) 0.1264 24.9072 0.220951 0.005394
HP2 (1024.77, 865869) 0.1228 5.59702 0.412896 0.00611176
HP3 (3429.45, 865869) 0.1322 14.327 0.290816 0.00444478
HP5 (2296.42, 865869) 0.1731 15.3411 0.230134 0.000760224
HP6 (1377.48, 865869) 0.1235 7.70999 0.424323 0.00596244
HP7 (1286.43, 865869) 0.1228 7.11832 0.422709 0.00611176
HP8 (825.098, 865869) 0.1228 4.39767 0.399624 0.00611176
HP9 (1132.61, 865869) 0.1731 10.5747 0.293945 0.000760224
HP10 (414.662, 865869) 0.1228 1.89431 0.336682 0.00611176
HP11 (6524.83, 865869) 0.1731 36.4789 0.277966 0.000760224
HP12 (3884.94, 865869) 0.1731 23.6966 0.244646 0.000760224
HP13 (5788.02, 865869) 0.1731 38.5756 0.342473 0.000760224
HP14 (2633.32, 865869) 0.1731 15.6261 0.205511 0.000760224
HP15 (5815.56, 865869) 0.1731 36.0574 0.306202 0.000760224
HP16 (5080.19, 865869) 0.1731 36.628 0.359318 0.000760224
HP17 (2024.84, 865869) 0.1228 11.1468 0.432325 0.00611176
HP18 (4752.46, 865869) 0.1731 36.17 0.376544 0.000760224
HP19 (4126.49, 865869) 0.1731 31.4953 0.34996 0.000760224
HP20 (2952.84, 865869) 0.1731 26.4528 0.377073 0.000760224
BP21 (7733.46, 865869) 0.0842 18.449 0.450684 0.0371932
BP23 (10071.2, 865869) 0.1022 24.3263 0.363768 0.0219633
HP1 (7811.45, 865869) 0.1158 22.9357 0.351622 0.0133908
HP4 (3245.88, 865869) 0.0842 8.62273 0.488319 0.0371932
 
scen. (nsig,    nbg)        BDT_cut signif. sig_eff bg_eff
(with overlay, cuts for fast sim, reweighted signal events, trained on 5 samples avail. for full sim., no pruning, no randomised trees, PCA)
HP3 (3429.45, 865869) 0.1126 14.9663 0.388426 0.00761085
HP17 (2024.84, 865869) 0.1301 14.0037 0.460654 0.00404661
HP20 (2952.84, 865869) 0.1558 22.0968 0.353809 0.00137512
BP21 (7733.46, 865869) 0.0992 20.6649 0.399051 0.0221925
BP23 (10071.2, 865869) 0.0974 26.896 0.417764 0.0234025
 
scen. (nsig,    nbg)        BDT_cut signif. sig_eff bg_eff
(with overlay, cuts for fast sim, reweighted signal events, no pruning, no randomised trees, PCA)
BP18 (9234.64, 865869) 0.1447 23.7599 0.161625 0.00283365
HP2 (1024.77, 865869) 0.1342 6.34794 0.397804 0.00429215
HP3 (3429.45, 865869) 0.1306 13.4741 0.283496 0.00489018
HP5 (2296.42, 865869) 0.1779 16.3073 0.22764 0.000583082
HP6 (1377.48, 865869) 0.1343 8.72394 0.41389 0.004274
HP7 (1286.43, 865869) 0.1343 8.15428 0.412315 0.004274
HP8 (825.098, 865869) 0.1343 5.08597 0.390986 0.004274
HP9 (1132.61, 865869) 0.1779 10.9035 0.275069 0.000583082
HP10 (414.662, 865869) 0.1196 2.11959 0.408629 0.0071849
HP11 (6524.83, 865869) 0.1652 34.923 0.284686 0.00112208
HP12 (3884.94, 865869) 0.1726 22.3935 0.225986 0.000761204
HP13 (5788.02, 865869) 0.1652 37.5242 0.357499 0.00112208
HP14 (2633.32, 865869) 0.1726 14.6214 0.188809 0.000761204
HP15 (5815.56, 865869) 0.1652 34.7717 0.317351 0.00112208
HP16 (5080.19, 865869) 0.1726 35.6253 0.344038 0.000761204
HP17 (2024.84, 865869) 0.1343 11.8921 0.393907 0.004274
HP18 (4752.46, 865869) 0.1726 35.1277 0.359744 0.000761204
HP19 (4126.49, 865869) 0.1726 30.9698 0.341231 0.000761204
HP20 (2952.84, 865869) 0.1779 25.6859 0.336846 0.000583082
BP21 (7733.46, 865869) 0.0842 18.449 0.450684 0.0371932
BP23 (10071.2, 865869) 0.1022 24.3263 0.363768 0.0219633
HP1 (7811.45, 865869) 0.1158 22.9357 0.351622 0.0133908
HP4 (3245.88, 865869) 0.0842 8.62273 0.488319 0.0371932

scen. (nsig,    nbg)        BDT_cut signif. sig_eff bg_eff
(with overlay, cuts for fast sim, reweighted signal events, no pruning, PCA)
BP18 (9234.64, 865869) 0.1384 22.7913 0.160567 0.00317586
HP2 (1024.77, 865869) 0.1384 6.10357 0.331034 0.00317586
HP3 (3429.45, 865869) 0.1492 13.3391 0.188063 0.00195506
HP5 (2296.42, 865869) 0.1678 15.8483 0.239961 0.000759846
HP6 (1377.48, 865869) 0.1252 8.47831 0.447929 0.00540412
HP7 (1286.43, 865869) 0.1252 7.98952 0.450372 0.00540412
HP8 (825.098, 865869) 0.1223 4.93993 0.446476 0.00599719
HP9 (1132.61, 865869) 0.1678 10.3016 0.284807 0.000759846
HP10 (414.662, 865869) 0.1223 2.09476 0.369362 0.00599719
HP11 (6524.83, 865869) 0.162 34.2878 0.271223 0.0010327
HP12 (3884.94, 865869) 0.1621 21.8443 0.239825 0.00102498
HP13 (5788.02, 865869) 0.1621 37.0444 0.343061 0.00102498
HP14 (2633.32, 865869) 0.1678 14.2789 0.183085 0.000759846
HP15 (5815.56, 865869) 0.1579 34.4419 0.324941 0.00129424
HP16 (5080.19, 865869) 0.1678 35.1114 0.336161 0.000759846
HP17 (2024.84, 865869) 0.1219 11.4886 0.445647 0.00608272
HP18 (4752.46, 865869) 0.1649 34.6726 0.365553 0.000893036
HP19 (4126.49, 865869) 0.168 30.4363 0.331528 0.000753308
HP20 (2952.84, 865869) 0.1679 25.3399 0.353809 0.000756577
BP21 (7733.46, 865869) 0.0917 18.2702 0.399448 0.0294489
BP23 (10071.2, 865869) 0.0917 23.8702 0.407818 0.0294489
HP1 (7811.45, 865869) 0.1154 22.5454 0.338937 0.0128692
HP4 (3245.88, 865869) 0.0903 8.53681 0.440692 0.0307738
 
scen. (nsig,    nbg)        BDT_cut signif. sig_eff bg_eff
(with overlay, cuts for fast sim, reweighted signal events, training for 5 full sim scenarios, weights mean from all scen., no pruning, PCA)
HP3 (3429.45, 865869) 0.1089 14.5164 0.377155 0.0076751
HP17 (2024.84, 865869) 0.1224 13.6137 0.480243 0.00476941
HP20 (2952.84, 865869) 0.1508 21.874 0.350262 0.00138752
BP21 (7733.46, 865869) 0.1021 20.9887 0.367321 0.0178744
BP23 (10071.2, 865869) 0.1021 27.1871 0.374526 0.0178744
 
scen. (nsig,    nbg)        BDT_cut signif. sig_eff bg_eff
(with overlay, cuts for fast sim, reweighted signal events, training for 5 full sim scenarios, weights mean from those 5 scen. no pruning, PCA)
HP3 (3429.45, 865869) 0.0815 12.6917 0.487327 0.018096
HP17 (2024.84, 865869) 0.1325 15.7842 0.460092 0.00294731
HP20 (2952.84, 865869) 0.1325 19.8832 0.413629 0.00294731
BP21 (7733.46, 865869) 0.1008 20.6793 0.371315 0.018953
BP23 (10071.2, 865869) 0.1018 26.9075 0.374481 0.0183337

scen. (nsig,    nbg)        BDT_cut signif. sig_eff bg_eff
(with overlay, cuts for fast sim, reweighted signal events CORRECTED, no pruning, PCA)
BP18 (9234.64, 865869) 0.1476 20.1382 0.111647 0.00183644
HP2 (1024.77, 865869) 0.1214 5.45075 0.37897 0.00541422
HP3 (3429.45, 865869) 0.13 16.8237 0.327352 0.00384608
HP5 (2296.42, 865869) 0.13 14.2882 0.406245 0.00384608
HP6 (1377.48, 865869) 0.1127 7.29048 0.446901 0.00752339
HP7 (1286.43, 865869) 0.1127 6.65462 0.43508 0.00752339
HP8 (825.098, 865869) 0.1051 3.77443 0.430041 0.00979667
HP9 (1132.61, 865869) 0.1688 10.1138 0.251861 0.00058931
HP10 (414.662, 865869) 0.067 1.4202 0.552272 0.0297649
HP11 (6524.83, 865869) 0.1476 30.8976 0.275661 0.00183644
HP12 (3884.94, 865869) 0.1479 19.7898 0.258528 0.00181481
HP13 (5788.02, 865869) 0.1479 34.3807 0.358762 0.00181481
HP14 (2633.32, 865869) 0.1689 13.6297 0.157085 0.000586041
HP15 (5815.56, 865869) 0.1476 33.1744 0.340985 0.00183644
HP16 (5080.19, 865869) 0.1479 32.2677 0.374317 0.00181481
HP17 (2024.84, 865869) 0.1214 11.0803 0.406217 0.00541422
HP18 (4752.46, 865869) 0.1476 32.4605 0.404919 0.00183644
HP19 (4126.49, 865869) 0.1476 27.3615 0.370248 0.00183644
HP20 (2952.84, 865869) 0.1688 24.1255 0.307781 0.00058931
BP21 (7733.46, 865869) 0.112 20.4857 0.310349 0.0130804
BP23 (10071.2, 865869) 0.112 26.4498 0.316379 0.0130804
HP1 (7811.45, 865869) 0.1113 20.5575 0.31211 0.013428
HP4 (3245.88, 865869) -0.0012 5.36739 0.703598 0.206453
 
scen. (nsig,    nbg)        BDT_cut signif. sig_eff bg_eff
(with overlay, cuts for fast sim, missing P4 like in full sim, reweighted signal events CORRECTED, no pruning, PCA)
BP18 (9234.64, 865869) 0.1289 20.4796 0.153427 0.00389141
HP2 (1024.77, 865869) 0.1229 5.45597 0.36326 0.00494651
HP3 (3429.45, 865869) 0.1289 16.7942 0.32834 0.00389141
HP5 (2296.42, 865869) 0.1286 13.782 0.394149 0.00393598
HP6 (1377.48, 865869) 0.0999 7.3295 0.537683 0.0109376
HP7 (1286.43, 865869) 0.0999 6.71057 0.52545 0.0109376
HP8 (825.098, 865869) 0.0971 3.90305 0.488085 0.0118303
HP9 (1132.61, 865869) 0.1612 9.50554 0.288153 0.000984526
HP10 (414.662, 865869) 0.0837 1.48262 0.451146 0.018171
HP11 (6524.83, 865869) 0.148 31.0704 0.275165 0.00178285
HP12 (3884.94, 865869) 0.148 19.7704 0.256484 0.00178285
HP13 (5788.02, 865869) 0.1481 33.9528 0.350269 0.00177631
HP14 (2633.32, 865869) 0.148 13.3392 0.23566 0.00178285
HP15 (5815.56, 865869) 0.1478 32.9926 0.336378 0.00180099
HP16 (5080.19, 865869) 0.148 31.7931 0.364735 0.00178285
HP17 (2024.84, 865869) 0.1229 10.9548 0.384942 0.00494651
HP18 (4752.46, 865869) 0.148 31.9828 0.393092 0.00178285
HP19 (4126.49, 865869) 0.1481 26.7799 0.355839 0.00177631
HP20 (2952.84, 865869) 0.1612 23.3834 0.341645 0.000984526
BP21 (7733.46, 865869) 0.1116 20.5989 0.321536 0.0139575
BP23 (10071.2, 865869) 0.0957 26.5306 0.413073 0.0235923
HP1 (7811.45, 865869) 0.0943 20.3907 0.408313 0.024574
HP4 (3245.88, 865869) -0.0031 5.29702 0.702736 0.211523
 
scen. (nsig,    nbg)        BDT_cut signif. sig_eff bg_eff
(with overlay, cuts for fast sim, missing P4 like in full sim, reweighted signal events CORRECTED, no pruning, PCA, test 2)
BP18 (9234.64, 865869) 0.129 20.9186 0.150859 0.00351339
HP2 (1024.77, 865869) 0.1137 5.47136 0.420782 0.00667546
HP3 (3429.45, 865869) 0.129 17.3809 0.327029 0.00351339
HP5 (2296.42, 865869) 0.129 14.2272 0.388612 0.00351339
HP6 (1377.48, 865869) 0.1137 7.31266 0.423482 0.00667546
HP7 (1286.43, 865869) 0.1137 6.6707 0.411907 0.00667546
HP8 (825.098, 865869) 0.1044 3.74638 0.421806 0.009565
HP9 (1132.61, 865869) 0.1671 10.1439 0.246134 0.000550294
HP10 (414.662, 865869) 0.0699 1.41805 0.523343 0.0267969
HP11 (6524.83, 865869) 0.1382 31.9161 0.316136 0.00244182
HP12 (3884.94, 865869) 0.1652 20.4896 0.188236 0.000626567
HP13 (5788.02, 865869) 0.1456 34.4753 0.359132 0.0017979
HP14 (2633.32, 865869) 0.1671 14.207 0.16217 0.000550294
HP15 (5815.56, 865869) 0.1382 33.8163 0.383194 0.00244182
HP16 (5080.19, 865869) 0.1651 32.283 0.282939 0.000629486
HP17 (2024.84, 865869) 0.1153 11.0888 0.436147 0.00630546
HP18 (4752.46, 865869) 0.1651 32.4956 0.305585 0.000629486
HP19 (4126.49, 865869) 0.1651 27.281 0.26894 0.000629486
HP20 (2952.84, 865869) 0.1671 24.4357 0.308114 0.000550294
BP21 (7733.46, 865869) 0.1005 20.6193 0.37447 0.0194369
BP23 (10071.2, 865869) 0.0929 26.5737 0.421847 0.0246134
HP1 (7811.45, 865869) 0.1016 20.6927 0.366297 0.0187777
HP4 (3245.88, 865869) 0.01 5.37538 0.641096 0.170674

scen. (nsig,    nbg)        BDT_cut signif. sig_eff bg_eff
(with overlay, cuts for fast sim, missing P4 like in full sim, reweighted signal events CORRECTED, no pruning, PCA, BDT sel. over 30%)
BP18 (9234.64, 865869) 0.073 17.7405 0.300164 0.0249938
HP2 (1024.77, 865869) 0.1137 5.47136 0.420782 0.00667546
HP3 (3429.45, 865869) 0.129 17.3809 0.327029 0.00351339
HP5 (2296.42, 865869) 0.129 14.2272 0.388612 0.00351339
HP6 (1377.48, 865869) 0.1137 7.31266 0.423482 0.00667546
HP7 (1286.43, 865869) 0.1137 6.6707 0.411907 0.00667546
HP8 (825.098, 865869) 0.1044 3.74638 0.421806 0.009565
HP9 (1132.61, 865869) 0.1559 9.57192 0.311662 0.00116297
HP10 (414.662, 865869) 0.0699 1.41805 0.523343 0.0267969
HP11 (6524.83, 865869) 0.1382 31.9161 0.316136 0.00244182
HP12 (3884.94, 865869) 0.1374 20.111 0.300626 0.0025461
HP13 (5788.02, 865869) 0.1456 34.4753 0.359132 0.0017979
HP14 (2633.32, 865869) 0.1313 13.2961 0.30417 0.00326616
HP15 (5815.56, 865869) 0.1382 33.8163 0.383194 0.00244182
HP16 (5080.19, 865869) 0.1456 32.2209 0.372483 0.0017979
HP17 (2024.84, 865869) 0.1153 11.0888 0.436147 0.00630546
HP18 (4752.46, 865869) 0.1651 32.4956 0.305585 0.000629486
HP19 (4126.49, 865869) 0.1456 27.1097 0.363132 0.0017979
HP20 (2952.84, 865869) 0.1671 24.4357 0.308114 0.000550294
BP21 (7733.46, 865869) 0.1005 20.6193 0.37447 0.0194369
BP23 (10071.2, 865869) 0.0929 26.5737 0.421847 0.0246134
HP1 (7811.45, 865869) 0.1016 20.6927 0.366297 0.0187777
HP4 (3245.88, 865869) 0.01 5.37538 0.641096 0.170674

scen. (nsig,    nbg)        BDT_cut signif. sig_eff bg_eff
(with overlay, cuts for fast sim, missing P4 like in full sim, reweighted signal events CORRECTED, no pruning, PCA, total sel. over 10%)
BP18 (9234.64, 865869) 0.0975 19.1382 0.232325 0.0120359
HP2 (1024.77, 865869) 0.1137 5.47136 0.420782 0.00667546
HP3 (3429.45, 865869) 0.129 17.3809 0.327029 0.00351339
HP5 (2296.42, 865869) 0.129 14.2272 0.388612 0.00351339
HP6 (1377.48, 865869) 0.1137 7.31266 0.423482 0.00667546
HP7 (1286.43, 865869) 0.1137 6.6707 0.411907 0.00667546
HP8 (825.098, 865869) 0.1044 3.74638 0.421806 0.009565
HP9 (1132.61, 865869) 0.1671 10.1439 0.246134 0.000550294
HP10 (414.662, 865869) 0.0699 1.41805 0.523343 0.0267969
HP11 (6524.83, 865869) 0.1382 31.9161 0.316136 0.00244182
HP12 (3884.94, 865869) 0.1456 20.2693 0.265415 0.0017979
HP13 (5788.02, 865869) 0.1456 34.4753 0.359132 0.0017979
HP14 (2633.32, 865869) 0.1456 13.7082 0.244149 0.0017979
HP15 (5815.56, 865869) 0.1382 33.8163 0.383194 0.00244182
HP16 (5080.19, 865869) 0.1651 32.283 0.282939 0.000629486
HP17 (2024.84, 865869) 0.1153 11.0888 0.436147 0.00630546
HP18 (4752.46, 865869) 0.1651 32.4956 0.305585 0.000629486
HP19 (4126.49, 865869) 0.1651 27.281 0.26894 0.000629486
HP20 (2952.84, 865869) 0.1671 24.4357 0.308114 0.000550294
BP21 (7733.46, 865869) 0.1005 20.6193 0.37447 0.0194369
BP23 (10071.2, 865869) 0.0929 26.5737 0.421847 0.0246134
HP1 (7811.45, 865869) 0.1016 20.6927 0.366297 0.0187777
HP4 (3245.88, 865869) 0.01 5.37538 0.641096 0.170674
 
scen. (nsig,    nbg)        BDT_cut signif. sig_eff bg_eff
(with overlay, cuts for fast sim, missing P4 like in full sim, reweighted signal events CORRECTED, no pruning, PCA, loose cuts, tot. sel. at least 10%)
BP18 (10729.3, 1.93748e+06) 0.1281 18.8586 0.194262 0.00522889
HP2 (1197.88, 1.93748e+06) 0.143 5.24576 0.345662 0.00300199
HP3 (3735.44, 1.93748e+06) 0.1603 16.6833 0.272436 0.00139524
HP5 (2555.66, 1.93748e+06) 0.1541 13.1514 0.344016 0.00185285
HP6 (1592.36, 1.93748e+06) 0.1204 7.03039 0.511005 0.00649415
HP7 (1494.42, 1.93748e+06) 0.1204 6.44236 0.497648 0.00649415
HP8 (975.958, 1.93748e+06) 0.1134 3.82041 0.49382 0.00796502
HP9 (1249, 1.93748e+06) 0.1789 10.1046 0.315413 0.000581197
HP10 (509.037, 1.93748e+06) 0.1015 1.57123 0.455688 0.0111294
HP11 (7356.47, 1.93748e+06) 0.1603 31.0283 0.294287 0.00139524
HP12 (4350.75, 1.93748e+06) 0.1789 20.0716 0.207883 0.000581197
HP13 (6374.65, 1.93748e+06) 0.1771 34.0738 0.299784 0.000637153
HP14 (2937.72, 1.93748e+06) 0.1771 13.5918 0.197013 0.000637153
HP15 (6400.05, 1.93748e+06) 0.1771 33.1822 0.287471 0.000637153
HP16 (5580.04, 1.93748e+06) 0.1789 32.0531 0.305675 0.000581197
HP17 (2302.26, 1.93748e+06) 0.1412 10.3776 0.380107 0.00321856
HP18 (5185.21, 1.93748e+06) 0.1771 32.3854 0.342762 0.000637153
HP19 (4520.74, 1.93748e+06) 0.1789 26.9658 0.296141 0.000581197
HP20 (3221.53, 1.93748e+06) 0.1789 23.8334 0.35161 0.000581197
BP21 (8811.4, 1.93748e+06) 0.1417 20.2812 0.279683 0.00634878
BP23 (11778.7, 1.93748e+06) 0.1237 25.914 0.364569 0.0119564
HP1 (8786.92, 1.93748e+06) 0.1417 20.3653 0.281731 0.00634878
HP4 (3548.69, 1.93748e+06) 0.0408 5.17296 0.592826 0.0842786
 
scen. (nsig,    nbg)        BDT_cut signif. sig_eff bg_eff
(with overlay, cuts for fast sim, missing P4 like in full sim, reweighted signal events CORRECTED, no pruning, PCA, tot. sel. at least 10%)
BP18 (9234.64, 865869) 0.0975 19.1382 0.232325 0.0120359
HP2 (1024.77, 865869) 0.1137 5.47136 0.420782 0.00667546
HP3 (3429.45, 865869) 0.129 17.3809 0.327029 0.00351339
HP5 (2296.42, 865869) 0.129 14.2272 0.388612 0.00351339
HP6 (1377.48, 865869) 0.1137 7.31266 0.423482 0.00667546
HP7 (1286.43, 865869) 0.1137 6.6707 0.411907 0.00667546
HP8 (825.098, 865869) 0.1044 3.74638 0.421806 0.009565
HP9 (1132.61, 865869) 0.1671 10.1439 0.246134 0.000550294
HP10 (414.662, 865869) 0.0699 1.41805 0.523343 0.0267969
HP11 (6524.83, 865869) 0.1382 31.9161 0.316136 0.00244182
HP12 (3884.94, 865869) 0.1456 20.2693 0.265415 0.0017979
HP13 (5788.02, 865869) 0.1456 34.4753 0.359132 0.0017979
HP14 (2633.32, 865869) 0.1456 13.7082 0.244149 0.0017979
HP15 (5815.56, 865869) 0.1382 33.8163 0.383194 0.00244182
HP16 (5080.19, 865869) 0.1651 32.283 0.282939 0.000629486
HP17 (2024.84, 865869) 0.1153 11.0888 0.436147 0.00630546
HP18 (4752.46, 865869) 0.1651 32.4956 0.305585 0.000629486
HP19 (4126.49, 865869) 0.1651 27.281 0.26894 0.000629486
HP20 (2952.84, 865869) 0.1671 24.4357 0.308114 0.000550294
BP21 (7733.46, 865869) 0.1005 20.6193 0.37447 0.0194369
BP23 (10071.2, 865869) 0.0929 26.5737 0.421847 0.0246134
HP1 (7811.45, 865869) 0.1016 20.6927 0.366297 0.0187777
HP4 (3245.88, 865869) 0.01 5.37538 0.641096 0.170674

scen. (nsig,    nbg)        BDT_cut signif. sig_eff bg_eff
(with overlay, cuts for fast sim, missing P4 like in full sim, reweighted signal events CORRECTED, no pruning, PCA, no Mlv)
BP18 (9234.64, 865869) 0.0996 19.4306 0.22541 0.0108505
HP2 (1024.77, 865869) 0.1194 5.55721 0.374331 0.00506001
HP3 (3429.45, 865869) 0.1251 17.2629 0.341143 0.00395333
HP5 (2296.42, 865869) 0.1247 14.4642 0.419714 0.00401508
HP6 (1377.48, 865869) 0.1061 7.39217 0.481968 0.00854887
HP7 (1286.43, 865869) 0.1061 6.73436 0.468364 0.00854887
HP8 (825.098, 865869) 0.1019 3.82939 0.440191 0.00996976
HP9 (1132.61, 865869) 0.1497 9.97432 0.352202 0.00138654
HP10 (414.662, 865869) 0.0738 1.47664 0.518258 0.0242131
HP11 (6524.83, 865869) 0.1352 31.9618 0.327295 0.00268951
HP12 (3884.94, 865869) 0.1497 20.4985 0.244732 0.00138654
HP13 (5788.02, 865869) 0.1497 34.6069 0.335025 0.00138654
HP14 (2633.32, 865869) 0.1497 13.958 0.22434 0.00138654
HP15 (5815.56, 865869) 0.1497 33.7044 0.320971 0.00138654
HP16 (5080.19, 865869) 0.1497 32.4405 0.34788 0.00138654
HP17 (2024.84, 865869) 0.1247 11.3418 0.363555 0.00401508
HP18 (4752.46, 865869) 0.1497 32.8315 0.378278 0.00138654
HP19 (4126.49, 865869) 0.1497 27.3259 0.33712 0.00138654
HP20 (2952.84, 865869) 0.1497 23.9855 0.395247 0.00138654
BP21 (7733.46, 865869) 0.098 20.7704 0.387798 0.0206141
BP23 (10071.2, 865869) 0.098 26.8821 0.394285 0.0206141
HP1 (7811.45, 865869) 0.1037 21.0173 0.357266 0.01714
HP4 (3245.88, 865869) 0.0042 5.37031 0.672965 0.18855

scen. (nsig,    nbg)        BDT_cut signif. sig_eff bg_eff
(with overlay, cuts for fast sim, missing P4 like in full sim, reweighted signal events CORRECTED, no pruning, PCA, no Mlv, corrected training samples)
BP18 (9234.64, 865869) 0.0917 22.0788 0.306201 0.0156773
HP2 (1024.77, 865869) 0.1397 6.61687 0.36629 0.00328312
HP3 (3429.45, 865869) 0.1177 12.828 0.321847 0.0072755
HP5 (2296.42, 865869) 0.1667 15.7131 0.253404 0.000911929
HP6 (1377.48, 865869) 0.1377 9.0215 0.396387 0.00359999
HP7 (1286.43, 865869) 0.1397 8.42648 0.377932 0.00328312
HP8 (825.098, 865869) 0.1397 5.19147 0.3522 0.00328312
HP9 (1132.61, 865869) 0.1784 9.89349 0.224448 0.00046891
HP10 (414.662, 865869) 0.1176 2.17481 0.422926 0.0073072
HP11 (6524.83, 865869) 0.1552 32.4072 0.284902 0.00165319
HP12 (3884.94, 865869) 0.1552 20.3018 0.257753 0.00165319
HP13 (5788.02, 865869) 0.1667 35.7607 0.316253 0.000911929
HP14 (2633.32, 865869) 0.1552 12.913 0.219872 0.00165319
HP15 (5815.56, 865869) 0.1555 32.7166 0.322575 0.00163059
HP16 (5080.19, 865869) 0.1685 33.9441 0.324614 0.000821355
HP17 (2024.84, 865869) 0.1214 11.8308 0.472317 0.00644237
HP18 (4752.46, 865869) 0.1685 33.4478 0.339247 0.000821355
HP19 (4126.49, 865869) 0.1698 29.572 0.318511 0.000763444
HP20 (2952.84, 865869) 0.1709 24.2986 0.328896 0.000723324
BP21 (7733.46, 865869) 0.0947 18.2343 0.370962 0.0252743
BP23 (10071.2, 865869) 0.1014 23.8011 0.341754 0.0201764
HP1 (7811.45, 865869) 0.1178 22.4032 0.31094 0.01077
HP4 (3245.88, 865869) 0.0793 8.50047 0.500412 0.0402919
 
