channel (  #signal, #backgr.)  Optimal-cut  S/sqrt(S+B)      NSig      NBkg   EffSig   EffBkg
BP18 ( 9514, 743701) 0.0849 29.6208 4188.403 15805.83 0.4402 0.02125
HP2 ( 1125, 743701) 0.1823 10.0503 301.4218 598.056 0.2679 0.0008042
HP3 ( 3462, 743701) 0.1158 13.2138 1225.449 7375.298 0.354 0.009917
HP5 ( 2707, 743701) 0.1846 25.8465 1051.557 603.6877 0.3885 0.0008117
HP6 ( 1506, 743701) 0.1443 12.6206 788.7816 3117.405 0.5238 0.004192
HP7 ( 1440, 743701) 0.1667 13.8316 536.1629 966.4605 0.3723 0.0013
HP8 ( 918, 743701) 0.1706 8.33199 286.7831 897.9209 0.3124 0.001207
HP9 ( 1226, 743701) 0.1714 11.1604 436.344 1092.267 0.3559 0.001469
HP10 ( 367, 743701) 0.1820 2.62742 61.25885 482.3411 0.1669 0.0006486
HP11 ( 6974, 743701) 0.1427 40.0328 3114.842 2939.13 0.4466 0.003952
HP12 ( 4074, 743701) 0.1575 23.3674 1380.76 2110.758 0.3389 0.002838
HP13 ( 6418, 743701) 0.1632 48.4133 3272.837 1297.197 0.5099 0.001744
HP14 ( 2737, 743701) 0.1568 14.5337 764.1315 2000.148 0.2792 0.002689
HP15 ( 6181, 743701) 0.1384 37.4592 3162.774 3966.057 0.5117 0.005333
HP16 ( 5699, 743701) 0.1743 45.3194 2811.004 1036.278 0.4932 0.001393
HP17 ( 2201, 743701) 0.1672 19.6252 891.4281 1171.79 0.405 0.001576
HP18 ( 5273, 743701) 0.1568 42.2181 2882.817 1779.887 0.5467 0.002393
HP19 ( 4693, 743701) 0.1709 39.5037 2313.131 1115.526 0.4929 0.0015
HP20 ( 3235, 743701) 0.1791 30.365 1318.349 566.6593 0.4075 0.0007619
BP21 ( 8036, 743701) 0.0687 17.2653 3634.624 40682.35 0.4523 0.0547
BP23 ( 10285, 743701) 0.0758 22.6403 4415.686 33623.42 0.4293 0.04521
HP1 ( 8019, 743701) 0.0764 19.6695 3740.317 32419.96 0.4664 0.04359
HP4 ( 3373, 743701) 0.0211 6.38986 2316.801 129143.4 0.6869 0.1736
channel (  #signal, #backgr.)  Optimal-cut  S/sqrt(S+B)      NSig      NBkg   EffSig   EffBkg (smear, correlated MET)
BP18 ( 8965, 626449) 0.0928 29.9627 3337.333 9068.823 0.3723 0.01448
HP2 ( 1119, 626449) 0.1497 10.7796 516.9634 1782.979 0.462 0.002846
HP3 ( 3391, 626449) 0.1085 13.6423 1261.253 7286.086 0.3719 0.01163
HP5 ( 2705, 626449) 0.1358 24.9732 1539.619 2261.217 0.5692 0.00361
HP6 ( 1506, 626449) 0.1659 14.3746 511.9233 756.3675 0.3399 0.001207
HP7 ( 1438, 626449) 0.1659 13.3241 465.8054 756.3675 0.3239 0.001207
HP8 ( 918, 626449) 0.1342 7.57409 431.7994 2818.344 0.4704 0.004499
HP9 ( 1223, 626449) 0.1633 10.4586 362.9188 841.2071 0.2967 0.001343
HP10 ( 367, 626449) 0.1507 2.82492 112.6747 1478.219 0.307 0.00236
HP11 ( 6820, 626449) 0.1190 40.3915 3758.954 4901.787 0.5512 0.007825
HP12 ( 3966, 626449) 0.1301 25.0546 1701.231 2909.321 0.429 0.004644
HP13 ( 6373, 626449) 0.1410 45.9212 3550.443 2427.309 0.5571 0.003875
HP14 ( 2653, 626449) 0.1185 15.6672 1157.354 4299.613 0.4362 0.006863
HP15 ( 6073, 626449) 0.1229 39.3671 3311.665 3764.953 0.5453 0.00601
HP16 ( 5674, 626449) 0.1446 44.3544 3079.51 1740.969 0.5427 0.002779
HP17 ( 2195, 626449) 0.1474 20.0329 1047.574 1686.945 0.4773 0.002693
HP18 ( 5242, 626449) 0.1356 42.1296 3196.14 2559.277 0.6097 0.004085
HP19 ( 4683, 626449) 0.1636 39.0815 2300.923 1165.338 0.4913 0.00186
HP20 ( 3212, 626449) 0.1497 28.6326 1636.953 1631.565 0.5096 0.002604
BP21 ( 7035, 626449) 0.0631 16.7291 3495.745 40169.27 0.4969 0.06412
BP23 ( 9002, 626449) 0.0567 22.1878 5079.1 47322.6 0.5642 0.07554
HP1 ( 7364, 626449) 0.0683 19.9363 4017.893 36598.96 0.5456 0.05842
HP4 ( 3273, 626449) 0.0080 6.54138 2428.191 135364.8 0.7419 0.2161
channel (  #signal, #backgr.)  Optimal-cut  S/sqrt(S+B)      NSig      NBkg   EffSig   EffBkg (no smear, correlated MET)
BP18 ( 9514, 743701) 0.0924 30.1106 3911.877 12966.53 0.4112 0.01744
HP2 ( 1125, 743701) 0.1524 10.0396 524.4763 2204.646 0.4662 0.002964
HP3 ( 3462, 743701) 0.1136 13.5119 1239.49 7175.433 0.358 0.009648
HP5 ( 2707, 743701) 0.1566 24.9561 1473.651 2013.219 0.5444 0.002707
HP6 ( 1506, 743701) 0.1553 13.7706 729.3555 2075.896 0.4843 0.002791
HP7 ( 1440, 743701) 0.1567 12.8589 663.7923 2000.944 0.461 0.002691
HP8 ( 918, 743701) 0.1630 8.27825 350.1127 1438.59 0.3814 0.001934
HP9 ( 1226, 743701) 0.1821 11.2509 351.7432 625.6707 0.2869 0.0008413
HP10 ( 367, 743701) 0.1459 2.79991 150.8923 2753.431 0.4112 0.003702
HP11 ( 6974, 743701) 0.1406 40.6479 3298.814 3287.442 0.473 0.00442
HP12 ( 4074, 743701) 0.1332 23.8483 1835.378 4087.562 0.4505 0.005496
HP13 ( 6418, 743701) 0.1488 46.6991 3695.231 2566.099 0.5758 0.00345
HP14 ( 2737, 743701) 0.1332 14.8563 1066.564 4087.562 0.3897 0.005496
HP15 ( 6181, 743701) 0.1550 39.4752 2656.211 1871.484 0.4297 0.002516
HP16 ( 5699, 743701) 0.1649 44.5299 2932.812 1404.952 0.5146 0.001889
HP17 ( 2201, 743701) 0.1594 18.9319 949.2926 1564.98 0.4313 0.002104
HP18 ( 5273, 743701) 0.1763 42.5167 2451.658 873.4067 0.4649 0.001174
HP19 ( 4693, 743701) 0.1577 38.9937 2648.077 1963.74 0.5643 0.00264
HP20 ( 3235, 743701) 0.1775 29.7262 1372.973 760.2994 0.4244 0.001022
BP21 ( 8036, 743701) 0.0562 17.1112 4250.479 57453.74 0.5289 0.07725
BP23 ( 10285, 743701) 0.0806 23.2455 4138.531 27558.22 0.4024 0.03706
HP1 ( 8019, 743701) 0.0791 20.112 3576.647 28049.32 0.446 0.03772
HP4 ( 3373, 743701) 0.0361 6.41113 1994.669 94804.69 0.5914 0.1275
channel (  #signal, #backgr.)  Optimal-cut  S/sqrt(S+B)      NSig      NBkg   EffSig   EffBkg (no smear, correlated MET, no angles in CMS)
BP18 ( 9514, 743701) 0.1138 29.592 3162.737 8260.209 0.3324 0.01111
HP2 ( 1125, 743701) 0.1641 9.13212 459.7047 2074.341 0.4086 0.002789
HP3 ( 3462, 743701) 0.1187 13.2085 1232.577 7475.429 0.356 0.01005
HP5 ( 2707, 743701) 0.1559 22.6796 1450.119 2638.12 0.5357 0.003547
HP6 ( 1506, 743701) 0.1581 12.782 702.7743 2320.176 0.4666 0.00312
HP7 ( 1440, 743701) 0.1563 11.5355 640.8166 2445.156 0.445 0.003288
HP8 ( 918, 743701) 0.1417 7.00021 466.0228 3965.896 0.5077 0.005333
HP9 ( 1226, 743701) 0.1588 9.60282 509.1532 2302.094 0.4153 0.003095
HP10 ( 367, 743701) 0.1350 2.35346 160.9162 4514.143 0.4385 0.00607
HP11 ( 6974, 743701) 0.1418 40.0014 3443.151 3965.896 0.4937 0.005333
HP12 ( 4074, 743701) 0.1404 23.4852 1797.67 4061.445 0.4413 0.005461
HP13 ( 6418, 743701) 0.1547 45.2705 3606.997 2741.368 0.562 0.003686
HP14 ( 2737, 743701) 0.1396 14.645 1043.651 4034.816 0.3813 0.005425
HP15 ( 6181, 743701) 0.1469 37.8622 3079.975 3537.354 0.4983 0.004756
HP16 ( 5699, 743701) 0.1607 42.1011 3127.61 2391.112 0.5488 0.003215
HP17 ( 2201, 743701) 0.1371 16.2464 1286.131 4980.834 0.5843 0.006697
HP18 ( 5273, 743701) 0.1468 40.2375 3259.543 3302.685 0.6182 0.004441
HP19 ( 4693, 743701) 0.1482 37.3238 2907.34 3160.302 0.6195 0.004249
HP20 ( 3235, 743701) 0.1766 27.4662 1472.706 1402.273 0.4552 0.001886
BP21 ( 8036, 743701) 0.0604 17.1337 4144.008 54353.83 0.5157 0.07309
BP23 ( 10285, 743701) 0.0673 23.0374 5206.1 45863.06 0.5062 0.06167
HP1 ( 8019, 743701) 0.0858 19.9399 3336.173 24656.98 0.416 0.03315
HP4 ( 3373, 743701) 0.0217 6.44203 2334.958 129039.9 0.6922 0.1735
channel (  #signal, #backgr.)  Optimal-cut  S/sqrt(S+B)      NSig      NBkg   EffSig   EffBkg (smear, correlated MET, no angles in CMS)
BP18 ( 8965, 626449) 0.0965 28.8679 3382.05 10343.46 0.3773 0.01651
HP2 ( 1119, 626449) 0.1547 9.9239 481.9333 1876.42 0.4307 0.002995
HP3 ( 3391, 626449) 0.1001 13.3093 1364.974 9153.168 0.4025 0.01461
HP5 ( 2705, 626449) 0.1544 22.8058 1362.149 2205.315 0.5036 0.00352
HP6 ( 1506, 626449) 0.1495 12.8733 663.8617 1995.487 0.4408 0.003185
HP7 ( 1438, 626449) 0.1417 11.8871 688.229 2663.874 0.4786 0.004252
HP8 ( 918, 626449) 0.1350 6.74715 417.9357 3418.945 0.4553 0.005458
HP9 ( 1223, 626449) 0.1523 8.90826 450.5534 2107.482 0.3684 0.003364
HP10 ( 367, 626449) 0.1268 2.3838 166.534 4713.99 0.4538 0.007525
HP11 ( 6820, 626449) 0.1401 39.1224 3199.053 3487.328 0.4691 0.005567
HP12 ( 3966, 626449) 0.1213 23.3408 1946.295 5006.895 0.4907 0.007993
HP13 ( 6373, 626449) 0.1443 44.5623 3617.118 2971.436 0.5676 0.004743
HP14 ( 2653, 626449) 0.1634 14.5167 645.8816 1333.692 0.2435 0.002129
HP15 ( 6073, 626449) 0.1283 37.1452 3307.359 4620.51 0.5446 0.007376
HP16 ( 5674, 626449) 0.1508 42.7815 3052.212 2037.786 0.5379 0.003253
HP17 ( 2195, 626449) 0.1700 18.0747 731.7994 907.4423 0.3334 0.001449
HP18 ( 5242, 626449) 0.1541 40.1752 2739.762 1910.834 0.5227 0.00305
HP19 ( 4683, 626449) 0.1539 38.6014 2517.302 1735.403 0.5375 0.00277
HP20 ( 3212, 626449) 0.1526 27.4336 1646.316 1954.983 0.5126 0.003121
BP21 ( 7035, 626449) 0.0610 16.4997 3634.804 44894.93 0.5167 0.07167
BP23 ( 9002, 626449) 0.0681 22.0692 4483.964 36797.09 0.4981 0.05874
HP1 ( 7364, 626449) 0.0721 19.6265 3827.099 34196.67 0.5197 0.05459
HP4 ( 3273, 626449) 0.0263 6.56712 2081.488 98379.61 0.636 0.157
channel (  #signal, #backgr.)  Optimal-cut  S/sqrt(S+B)      NSig      NBkg   EffSig   EffBkg (no smear, correlated MET, no angles in CMS, no smear in EFlow)
BP18 ( 9514, 743701) 0.0967 29.5613 3837.837 13017.02 0.4034 0.0175
HP2 ( 1125, 743701) 0.1507 9.11741 571.3527 3355.693 0.5079 0.004512
HP3 ( 3462, 743701) 0.1259 13.0233 1130.957 6410.46 0.3267 0.00862
HP5 ( 2707, 743701) 0.1541 22.8076 1460.769 2641.301 0.5396 0.003552
HP6 ( 1506, 743701) 0.1559 12.0739 676.9219 2466.358 0.4495 0.003316
HP7 ( 1440, 743701) 0.1431 11.3835 786.3429 3985.338 0.5461 0.005359
HP8 ( 918, 743701) 0.1462 6.82602 445.938 3821.952 0.4858 0.005139
HP9 ( 1226, 743701) 0.1632 9.64656 499.9223 2185.793 0.4078 0.002939
HP10 ( 367, 743701) 0.1191 2.32649 197.4402 7004.825 0.538 0.009419
HP11 ( 6974, 743701) 0.1395 40.1288 3478.286 4034.816 0.4988 0.005425
HP12 ( 4074, 743701) 0.1406 23.2443 1765.481 4003.422 0.4334 0.005383
HP13 ( 6418, 743701) 0.1497 44.9119 3830.229 3442.991 0.5968 0.00463
HP14 ( 2737, 743701) 0.1529 14.3184 914.1261 3161.784 0.334 0.004251
HP15 ( 6181, 743701) 0.1477 38.2502 3060.957 3342.988 0.4952 0.004495
HP16 ( 5699, 743701) 0.1560 42.4755 3262.882 2638.12 0.5725 0.003547
HP17 ( 2201, 743701) 0.1468 16.7595 1147.071 3537.354 0.5212 0.004756
HP18 ( 5273, 743701) 0.1517 40.2375 3131.151 2924.291 0.5938 0.003932
HP19 ( 4693, 743701) 0.1525 36.2245 2821.892 3246.533 0.6013 0.004365
HP20 ( 3235, 743701) 0.1674 26.6065 1606.751 2040.124 0.4967 0.002743
BP21 ( 8036, 743701) 0.0776 16.8182 3246.853 34023.63 0.404 0.04575
BP23 ( 10285, 743701) 0.0887 23.0213 3693.333 22044.91 0.3591 0.02964
HP1 ( 8019, 743701) 0.0908 19.9092 3089.287 20988.02 0.3852 0.02822
HP4 ( 3373, 743701) 0.0273 6.46956 2214.108 114910.6 0.6564 0.1545
channel (  #signal, #backgr.)  Optimal-cut  S/sqrt(S+B)      NSig      NBkg   EffSig   EffBkg (smear, correlated MET, no angles in CMS, no smear in EFlow)
BP18 ( 9513, 748357) 0.1100 28.7194 3098.204 8539.547 0.3257 0.01141
HP2 ( 1125, 748357) 0.1705 10.9738 491.8885 1517.282 0.4372 0.002027
HP3 ( 3462, 748357) 0.1079 12.5093 1284.424 9258.32 0.371 0.01237
HP5 ( 2705, 748357) 0.1363 22.531 1738.953 4217.875 0.6429 0.005636
HP6 ( 1506, 748357) 0.1545 13.5114 764.4387 2436.556 0.5076 0.003256
HP7 ( 1438, 748357) 0.1758 12.7602 555.2793 1338.4 0.3861 0.001788
HP8 ( 918, 748357) 0.1867 7.7522 210.7094 528.0758 0.2295 0.0007056
HP9 ( 1223, 748357) 0.2099 9.91502 185.6924 165.0605 0.1518 0.0002206
HP10 ( 367, 748357) 0.1376 2.50656 173.6541 4626.058 0.4732 0.006182
HP11 ( 6974, 748357) 0.1533 39.4253 2931.399 2597.006 0.4203 0.00347
HP12 ( 4074, 748357) 0.1322 23.522 1868.403 4441.037 0.4586 0.005934
HP13 ( 6416, 748357) 0.1493 44.1506 3638.233 3152.364 0.5671 0.004212
HP14 ( 2737, 748357) 0.1322 14.5838 1084.021 4441.037 0.3961 0.005934
HP15 ( 6181, 748357) 0.1355 37.5143 3238.715 4214.623 0.524 0.005632
HP16 ( 5698, 748357) 0.1634 41.8018 2916.426 1951.147 0.5118 0.002607
HP17 ( 2195, 748357) 0.1721 18.252 881.876 1452.633 0.4018 0.001941
HP18 ( 5271, 748357) 0.1550 39.8272 2992.625 2653.441 0.5678 0.003546
HP19 ( 4692, 748357) 0.1657 36.4083 2312.719 1722.284 0.4929 0.002301
HP20 ( 3235, 748357) 0.1657 26.6939 1519.976 1722.284 0.4699 0.002301
BP21 ( 8022, 748357) 0.0608 16.9372 4041.541 52897.3 0.5038 0.07068
BP23 ( 10265, 748357) 0.0743 23.124 4649.802 35783.68 0.453 0.04782
HP1 ( 8023, 748357) 0.0777 20.1581 3891.251 33371.7 0.485 0.04459
HP4 ( 3374, 748357) 0.0340 6.65215 2125.925 100008.4 0.6301 0.1336
channel (  #signal, #backgr.)  Optimal-cut  S/sqrt(S+B)      NSig      NBkg   EffSig   EffBkg (no smear, correlated MET, <<smear>> in EFlow, fixed NJets)
BP18 ( 10214, 881716) 0.0862 27.76 4000.743 16769.61 0.3917 0.01902
HP2 ( 1135, 881716) 0.1757 13.2833 380.0227 438.4601 0.3348 0.0004973
HP3 ( 3725, 881716) 0.1165 13.8213 1258.95 7038.052 0.338 0.007982
HP5 ( 2712, 881716) 0.1633 26.2253 1227.709 963.8362 0.4527 0.001093
HP6 ( 1507, 881716) 0.1737 14.2137 461.8613 594.0047 0.3065 0.0006737
HP7 ( 1442, 881716) 0.1497 13.0364 644.5239 1799.813 0.447 0.002041
HP8 ( 918, 881716) 0.2062 8.13714 77.57785 13.31556 0.08451 1.51e-05
HP9 ( 1265, 881716) 0.1616 10.6498 415.1085 1104.174 0.3281 0.001252
HP10 ( 367, 881716) 0.1285 2.47158 165.4993 4318.257 0.451 0.004898
HP11 ( 7237, 881716) 0.1271 39.9676 3557.015 4363.535 0.4915 0.004949
HP12 ( 4281, 881716) 0.1390 23.2602 1500.545 2661.158 0.3505 0.003018
HP13 ( 6515, 881716) 0.1506 47.276 3449.081 1873.535 0.5294 0.002125
HP14 ( 2909, 881716) 0.1246 14.2145 1114.304 5031.045 0.3831 0.005706
HP15 ( 6443, 881716) 0.1299 37.8777 3228.557 4036.676 0.5011 0.004578
HP16 ( 5763, 881716) 0.1573 44.4656 2943.986 1439.532 0.5108 0.001633
HP17 ( 2208, 881716) 0.1603 19.9242 923.3289 1224.261 0.4182 0.001388
HP18 ( 5359, 881716) 0.1651 42.504 2478.334 921.5163 0.4625 0.001045
HP19 ( 4731, 881716) 0.1623 39.7022 2346.305 1146.217 0.4959 0.0013
HP20 ( 3313, 881716) 0.1682 29.34 1387.793 849.5278 0.4189 0.0009635
BP21 ( 8499, 881716) 0.0701 17.4813 3943.46 46943.46 0.464 0.05324
BP23 ( 10901, 881716) 0.0793 23.5589 4820.155 37041.07 0.4422 0.04201
HP1 ( 8459, 881716) 0.0759 20.5482 4328.904 40053.42 0.5118 0.04543
HP4 ( 3552, 881716) 0.0562 6.6205 1784.905 70900.7 0.5025 0.08041
channel (  #signal, #backgr.)  Optimal-cut  S/sqrt(S+B)      NSig      NBkg   EffSig   EffBkg (smear, correlated MET, smear in EFlow, fixed NJets)
BP18 ( 10213, 886163) 0.1028 28.2101 3298.474 10373.04 0.323 0.01171
HP2 ( 1135, 886163) 0.1663 11.2548 466.1551 1249.327 0.4107 0.00141
HP3 ( 3725, 886163) 0.1058 13.6339 1441.043 9730.596 0.3869 0.01098
HP5 ( 2712, 886163) 0.1694 23.5009 1196.393 1395.278 0.4411 0.001575
HP6 ( 1507, 886163) 0.1597 13.4419 673.1616 1834.795 0.4467 0.00207
HP7 ( 1443, 886163) 0.1725 13.2064 529.3868 1077.481 0.3669 0.001216
HP8 ( 918, 886163) 0.2240 8.48452 92.14652 25.80493 0.1004 2.912e-05
HP9 ( 1264, 886163) 0.2176 9.64511 104.9084 13.39736 0.083 1.512e-05
HP10 ( 368, 886163) 0.2114 4.01051 30.30527 26.79472 0.08235 3.024e-05
HP11 ( 7239, 886163) 0.1244 39.5002 3612.824 4752.756 0.4991 0.005363
HP12 ( 4281, 886163) 0.1353 23.3963 1723.47 3702.951 0.4026 0.004179
HP13 ( 6513, 886163) 0.1489 46.569 3553.176 2268.396 0.5456 0.00256
HP14 ( 2909, 886163) 0.1307 14.2993 1025.842 4120.899 0.3526 0.00465
HP15 ( 6443, 886163) 0.1384 38.3325 3092.319 3415.479 0.48 0.003854
HP16 ( 5762, 886163) 0.1450 43.6948 3396.705 2646.338 0.5895 0.002986
HP17 ( 2207, 886163) 0.1617 19.5176 963.1694 1472.13 0.4364 0.001661
HP18 ( 5358, 886163) 0.1570 42.3502 2764.039 1495.649 0.5159 0.001688
HP19 ( 4729, 886163) 0.1643 38.6001 2373.346 1407.122 0.5019 0.001588
HP20 ( 3313, 886163) 0.1698 27.6407 1424.811 1232.344 0.4301 0.001391
BP21 ( 8488, 886163) 0.0720 17.7109 3848.58 43370.68 0.4534 0.04894
BP23 ( 10871, 886163) 0.0755 23.8902 5013.017 39018.07 0.4611 0.04403
HP1 ( 8457, 886163) 0.0847 20.7079 3822.083 30244.53 0.4519 0.03413
HP4 ( 3554, 886163) 0.0279 6.48941 2334.559 127084.7 0.6569 0.1434
channel (  #signal, #backgr.)  Optimal-cut  S/sqrt(S+B)      NSig      NBkg   EffSig   EffBkg (smear, correlated MET, smeared EFlow, fixed NJets)
BP18 ( 9500, 747376) 0.0942 29.5183 3799.875 12771.45 0.4 0.01709
HP2 ( 1125, 747376) 0.1890 12.6113 299.0831 263.3453 0.2659 0.0003524
HP3 ( 3449, 747376) 0.0949 12.9462 1516.758 12209.32 0.4398 0.01634
HP5 ( 2707, 747376) 0.1666 25.7788 1221.724 1024.328 0.4513 0.001371
HP6 ( 1507, 747376) 0.1938 13.4669 327.2839 263.3453 0.2172 0.0003524
HP7 ( 1443, 747376) 0.1759 12.9215 476.7082 884.3562 0.3304 0.001183
HP8 ( 918, 747376) 0.1670 8.24175 317.9813 1170.572 0.3464 0.001566
HP9 ( 1226, 747376) 0.1655 10.1592 408.1002 1205.575 0.3329 0.001613
HP10 ( 368, 747376) 0.1755 2.54504 69.00325 666.1054 0.1875 0.0008913
HP11 ( 6963, 747376) 0.1607 40.1889 2638.792 1672.408 0.379 0.002238
HP12 ( 4073, 747376) 0.1804 24.2942 921.2011 516.6163 0.2262 0.0006912
HP13 ( 6416, 747376) 0.1567 46.0167 3312.87 1870.083 0.5163 0.002502
HP14 ( 2733, 747376) 0.1746 14.425 557.1092 934.4781 0.2038 0.00125
HP15 ( 6182, 747376) 0.1485 38 2816.894 2678.186 0.4557 0.003583
HP16 ( 5696, 747376) 0.1623 44.7241 2869.488 1246.981 0.5038 0.001668
HP17 ( 2198, 747376) 0.1689 19.1842 867.1495 1176.009 0.3945 0.001574
HP18 ( 5271, 747376) 0.1742 39.9124 2327.43 1073.026 0.4416 0.001436
HP19 ( 4690, 747376) 0.1803 40.0378 2014.181 516.6163 0.4295 0.0006912
HP20 ( 3235, 747376) 0.1846 30.062 1215.574 419.461 0.3758 0.0005612
BP21 ( 8025, 747376) 0.0684 17.6346 3699.226 40304.72 0.461 0.05393
BP23 ( 10265, 747376) 0.0877 24.0307 3702.578 20037.06 0.3607 0.02681
HP1 ( 8008, 747376) 0.0908 20.5017 3100.595 19771.83 0.3872 0.02645
HP4 ( 3371, 747376) 0.0335 6.66591 2064.968 93899.07 0.6126 0.1256
channel (  #signal, #backgr.)  Optimal-cut  S/sqrt(S+B)      NSig      NBkg   EffSig   EffBkg (no smear, correlated MET, regular EFlow, fixed NJets)
BP18 ( 9514, 743701) 0.0994 30.4319 3508.398 9782.648 0.3688 0.01315
HP2 ( 1125, 743701) 0.1862 10.5869 284.932 439.4072 0.2533 0.0005908
HP3 ( 3462, 743701) 0.1368 13.5236 862.7348 3207.049 0.2492 0.004312
HP5 ( 2707, 743701) 0.1691 25.4326 1202.488 1033.039 0.4442 0.001389
HP6 ( 1507, 743701) 0.1383 12.7411 847.6044 3578.014 0.5624 0.004811
HP7 ( 1442, 743701) 0.1518 12.4194 669.8899 2239.514 0.4646 0.003011
HP8 ( 918, 743701) 0.1671 8.15211 339.253 1392.587 0.3696 0.001873
HP9 ( 1226, 743701) 0.1567 11.2317 519.3557 1618.797 0.4236 0.002177
HP10 ( 367, 743701) 0.1401 2.46986 146.907 3390.958 0.4003 0.00456
HP11 ( 6974, 743701) 0.1394 41.7904 3310.619 2965.141 0.4747 0.003987
HP12 ( 4074, 743701) 0.1515 24.2508 1457.216 2153.507 0.3577 0.002896
HP13 ( 6418, 743701) 0.1445 47.2974 3804.767 2666.39 0.5928 0.003585
HP14 ( 2737, 743701) 0.1212 14.7279 1214.745 5588.026 0.4438 0.007514
HP15 ( 6181, 743701) 0.1343 39.4124 3274.454 3628.13 0.5298 0.004878
HP16 ( 5699, 743701) 0.1532 44.4157 3307.06 2236.773 0.5803 0.003008
HP17 ( 2201, 743701) 0.1780 19.2291 709.2952 651.3178 0.3223 0.0008758
HP18 ( 5273, 743701) 0.1571 42.6333 2921.534 1774.425 0.5541 0.002386
HP19 ( 4693, 743701) 0.1754 38.5126 2261.325 1186.308 0.4819 0.001595
HP20 ( 3235, 743701) 0.1567 28.6891 1744.923 1954.359 0.5394 0.002628
BP21 ( 8036, 743701) 0.0621 17.1253 3955.465 49392.65 0.4922 0.06641
BP23 ( 10285, 743701) 0.0706 23.0444 4858.572 39592.9 0.4724 0.05324
HP1 ( 8019, 743701) 0.0814 19.9928 3448.394 26301.45 0.43 0.03537
HP4 ( 3373, 743701) 0.0369 6.42386 1991.488 94117.43 0.5904 0.1266
channel (  #signal, #backgr.)  Optimal-cut  S/sqrt(S+B)      NSig      NBkg   EffSig   EffBkg (no smear, trained on single samples)
BP18 ( 9514, 743701) 0.1099 41.6235 4507.529 7219.845 0.4738 0.009708
HP2 ( 1125, 743701) 0.1542 20.6718 708.5292 466.2606 0.6298 0.0006269
HP3 ( 3462, 743701) 0.0871 17.5177 1865.111 9470.725 0.5387 0.01273
HP5 ( 2707, 743701) 0.1362 33.1375 1768.805 1080.372 0.6534 0.001453
HP6 ( 1507, 743701) 0.1409 23.5052 990.5521 785.3745 0.6573 0.001056
HP7 ( 1442, 743701) 0.1301 23.051 1051.922 1030.583 0.7295 0.001386
HP8 ( 918, 743701) 0.1592 15.7777 549.3539 662.9729 0.5984 0.0008915
HP9 ( 1226, 743701) 0.1331 13.4824 564.0523 1186.211 0.4601 0.001595
HP10 ( 367, 743701) 0.1932 9.0048 164.1597 168.1822 0.4473 0.0002261
HP11 ( 6974, 743701) 0.1318 43.9829 3174.012 2033.728 0.4551 0.002735
HP12 ( 4074, 743701) 0.1362 28.8364 1713.56 1817.594 0.4206 0.002444
HP13 ( 6418, 743701) 0.1155 50.3425 4156.316 2659.96 0.6476 0.003577
HP14 ( 2737, 743701) 0.1380 17.3057 1094.352 2904.506 0.3998 0.003905
HP15 ( 6181, 743701) 0.1291 41.5988 3203.288 2726.376 0.5182 0.003666
HP16 ( 5699, 743701) 0.1374 47.2821 3148.109 1284.979 0.5524 0.001728
HP17 ( 2201, 743701) 0.1431 30.8662 1286.415 450.5718 0.5845 0.0006059
HP18 ( 5273, 743701) 0.1245 43.3808 3228.76 2310.81 0.6123 0.003107
HP19 ( 4693, 743701) 0.1323 43.6331 2911.809 1541.607 0.6205 0.002073
HP20 ( 3235, 743701) 0.1422 30.044 1745.046 1628.584 0.5394 0.00219
BP21 ( 8036, 743701) 0.0753 18.314 3743.377 38035.88 0.4658 0.05114
BP23 ( 10285, 743701) 0.0364 23.9698 6469.011 66367.33 0.629 0.08924
HP1 ( 8019, 743701) 0.0592 21.2444 3956.596 30729.28 0.4934 0.04132
HP4 ( 3373, 743701) 0.0533 11.0702 2242.73 38800.36 0.6649 0.05217
channel (  #signal, #backgr.)  Optimal-cut  S/sqrt(S+B)      NSig      NBkg   EffSig   EffBkg (smear, trained on single samples)
BP18 ( 9500, 747376) 0.0937 41.6396 5322.446 11015.97 0.5603 0.01474
HP2 ( 1125, 747376) 0.1543 21.3518 678.0232 330.3435 0.6027 0.000442
HP3 ( 3449, 747376) 0.0984 17.0275 1550.633 6742.455 0.4496 0.009022
HP5 ( 2707, 747376) 0.1364 31.4984 1814.059 1502.787 0.6701 0.002011
HP6 ( 1507, 747376) 0.1340 24.9595 1098.775 839.1964 0.7291 0.001123
HP7 ( 1443, 747376) 0.1447 24.21 912.2805 507.6525 0.6322 0.0006792
HP8 ( 918, 747376) 0.1843 17.3463 403.2272 137.1364 0.4392 0.0001835
HP9 ( 1226, 747376) 0.1249 14.4718 647.7164 1355.478 0.5283 0.001814
HP10 ( 368, 747376) 0.1774 10.2001 173.6166 116.1014 0.4718 0.0001553
HP11 ( 6963, 747376) 0.1230 44.5106 3690.122 3183.009 0.53 0.004259
HP12 ( 4073, 747376) 0.1564 25.2486 1248.613 1196.956 0.3066 0.001602
HP13 ( 6416, 747376) 0.1182 51.9159 4090.701 2117.925 0.6376 0.002834
HP14 ( 2733, 747376) 0.1318 16.7301 1167.548 3702.712 0.4272 0.004954
HP15 ( 6182, 747376) 0.1144 39.4564 3552.787 4555.026 0.5747 0.006095
HP16 ( 5696, 747376) 0.1243 47.882 3539.006 1923.834 0.6213 0.002574
HP17 ( 2198, 747376) 0.1391 29.8266 1439.692 890.1715 0.655 0.001191
HP18 ( 5271, 747376) 0.1313 45.0074 3033.633 1509.521 0.5755 0.00202
HP19 ( 4690, 747376) 0.1344 44.5579 2725.697 1016.314 0.5812 0.00136
HP20 ( 3235, 747376) 0.1488 30.7492 1573.512 1045.111 0.4864 0.001398
BP21 ( 8025, 747376) 0.0758 18.7816 3685.064 34811.63 0.4592 0.04658
BP23 ( 10265, 747376) 0.0419 24.2674 6080.86 56708.17 0.5924 0.07588
HP1 ( 8008, 747376) 0.0728 22.2036 3100.595 16399.85 0.3872 0.02194
HP4 ( 3371, 747376) 0.0635 11.8619 2012.167 26763.35 0.5969 0.03581
channel (  #signal, #backgr.)  Optimal-cut  S/sqrt(S+B)      NSig      NBkg   EffSig   EffBkg (no smear, trained on single samples, no CMS angles)
BP18 ( 9514, 743701) 0.1109 41.5685 4602.16 7655.114 0.4837 0.01029
HP2 ( 1125, 743701) 0.1463 18.1279 742.8313 936.3032 0.6603 0.001259
HP3 ( 3462, 743701) 0.0931 17.0115 1728.926 8600.243 0.4994 0.01156
HP5 ( 2707, 743701) 0.1177 31.7612 2046.21 2104.336 0.7559 0.00283
HP6 ( 1507, 743701) 0.1329 22.9396 1078.886 1133.087 0.7159 0.001524
HP7 ( 1442, 743701) 0.1447 22.8614 931.0204 727.4648 0.6456 0.0009782
HP8 ( 918, 743701) 0.1438 15.8124 617.3652 906.995 0.6725 0.00122
HP9 ( 1226, 743701) 0.1144 12.8345 720.2477 2429.013 0.5875 0.003266
HP10 ( 367, 743701) 0.1413 7.6295 266.9514 957.3056 0.7274 0.001287
HP11 ( 6974, 743701) 0.1201 42.3112 3802.799 4275.059 0.5453 0.005748
HP12 ( 4074, 743701) 0.1376 27.5862 1768.742 2342.23 0.4342 0.003149
HP13 ( 6418, 743701) 0.1175 48.7367 4095.308 2965.612 0.6381 0.003988
HP14 ( 2737, 743701) 0.1352 16.7702 1133.232 3433.033 0.414 0.004616
HP15 ( 6181, 743701) 0.1265 40.8243 3339.52 3352.093 0.5403 0.004507
HP16 ( 5699, 743701) 0.1355 46.0085 3320.434 1888.075 0.5826 0.002539
HP17 ( 2201, 743701) 0.1284 29.1548 1523.568 1207.312 0.6922 0.001623
HP18 ( 5273, 743701) 0.1251 41.9268 3271.359 2816.631 0.6204 0.003787
HP19 ( 4693, 743701) 0.1290 42.0089 3023.338 2156.19 0.6442 0.002899
HP20 ( 3235, 743701) 0.1517 27.7822 1593.876 1697.489 0.4927 0.002282
BP21 ( 8036, 743701) 0.0568 17.8105 4618.691 62629.98 0.5747 0.08421
BP23 ( 10285, 743701) 0.0388 24.1446 6273.668 61241.56 0.61 0.08235
HP1 ( 8019, 743701) 0.0581 21.575 4139.356 32670.58 0.5162 0.04393
HP4 ( 3373, 743701) 0.0783 11.3233 1691.906 20633.88 0.5016 0.02774
channel (  #signal, #backgr.)  Optimal-cut  S/sqrt(S+B)      NSig      NBkg   EffSig   EffBkg (smear, trained on single samples, no CMS angles)
BP18 ( 9500, 747376) 0.1086 41.0886 4640.918 8116.566 0.4885 0.01086
HP2 ( 1125, 747376) 0.1547 20.3949 684.868 442.7745 0.6088 0.0005924
HP3 ( 3449, 747376) 0.0897 17.447 1799.508 8838.59 0.5217 0.01183
HP5 ( 2707, 747376) 0.1464 31.0874 1656.626 1183.13 0.612 0.001583
HP6 ( 1507, 747376) 0.1437 24.3674 1019.423 730.7919 0.6765 0.0009778
HP7 ( 1443, 747376) 0.1409 22.9125 956.7365 786.8293 0.663 0.001053
HP8 ( 918, 747376) 0.1545 15.4661 580.1483 826.9285 0.632 0.001106
HP9 ( 1226, 747376) 0.1419 13.2009 519.0471 1026.935 0.4234 0.001374
HP10 ( 368, 747376) 0.1760 8.76261 165.9958 192.8662 0.4511 0.0002581
HP11 ( 6963, 747376) 0.1390 42.1911 3071.073 2227.24 0.4411 0.00298
HP12 ( 4073, 747376) 0.1314 24.4335 1849.927 3882.502 0.4542 0.005195
HP13 ( 6416, 747376) 0.1169 50.3871 4159.27 2654.62 0.6483 0.003552
HP14 ( 2733, 747376) 0.1649 15.8447 707.1281 1284.598 0.2587 0.001719
HP15 ( 6182, 747376) 0.1224 38.941 3309.603 3913.729 0.5354 0.005237
HP16 ( 5696, 747376) 0.1328 45.1911 3254.951 1932.853 0.5714 0.002586
HP17 ( 2198, 747376) 0.1289 29.3299 1557.524 1262.467 0.7086 0.001689
HP18 ( 5271, 747376) 0.1388 43.7432 2908.915 1513.322 0.5519 0.002025
HP19 ( 4690, 747376) 0.1446 43.5985 2413.48 650.9164 0.5146 0.0008709
HP20 ( 3235, 747376) 0.1632 29.0079 1324.804 760.9869 0.4095 0.001018
BP21 ( 8025, 747376) 0.0677 18.4894 4033.487 43556.36 0.5026 0.05828
BP23 ( 10265, 747376) 0.0358 24.613 6589.68 65090.33 0.642 0.08709
HP1 ( 8008, 747376) 0.0672 22.0536 3434.061 20812.79 0.4288 0.02785
HP4 ( 3371, 747376) 0.0607 11.634 2056.062 29177.14 0.6099 0.03904
channel (  #signal, #backgr.)  Optimal-cut  S/sqrt(S+B)      NSig      NBkg   EffSig   EffBkg (smear, corrected cross sections)
channel (  #signal, #backgr.)  Optimal-cut  S/sqrt(S+B)      NSig      NBkg   EffSig   EffBkg (smear, corrected cross sections) TYCH UŻYJ DO RYSUNKU WYNIKÓW! 26.01.21
BP18 ( 9500, 721656) 0.0745 30.4019 4458.378 17047.22 0.4693 0.02362
HP2 ( 1125, 721656) 0.1807 11.6878 393.8751 741.7882 0.3501 0.001028
HP3 ( 3449, 721656) 0.0944 13.3315 1443.751 10284.26 0.4186 0.01425
HP5 ( 2707, 721656) 0.1472 25.0768 1586.923 2417.742 0.5862 0.00335
HP6 ( 1507, 721656) 0.1802 14.4192 510.8751 744.426 0.339 0.001032
HP7 ( 1443, 721656) 0.1618 13.711 633.7065 1502.474 0.4392 0.002082
HP8 ( 918, 721656) 0.1803 8.90805 272.8201 665.1453 0.2972 0.0009217
HP9 ( 1226, 721656) 0.1766 11.0358 419.274 1024.13 0.342 0.001419
HP10 ( 368, 721656) 0.1661 2.88075 108.1396 1301.012 0.2939 0.001803
HP11 ( 6963, 721656) 0.1507 40.1729 2849.304 2181.208 0.4092 0.003023
HP12 ( 4073, 721656) 0.1559 24.4942 1403.375 1879.25 0.3446 0.002604
HP13 ( 6416, 721656) 0.1545 46.634 3454.653 2033.22 0.5384 0.002817
HP14 ( 2733, 721656) 0.1468 15.1942 834.4692 2181.767 0.3053 0.003023
HP15 ( 6182, 721656) 0.1497 39.8274 2736.534 1984.509 0.4427 0.00275
HP16 ( 5696, 721656) 0.1510 44.3338 3235.83 2091.407 0.5681 0.002898
HP17 ( 2198, 721656) 0.1549 20.2663 1111.473 1896.324 0.5057 0.002628
HP18 ( 5271, 721656) 0.1472 42.1936 3147.727 2417.742 0.5972 0.00335
HP19 ( 4690, 721656) 0.1509 39.6151 2758.984 2091.407 0.5883 0.002898
HP20 ( 3235, 721656) 0.1786 29.8354 1404.697 811.9732 0.4342 0.001125
BP21 ( 8025, 721656) 0.0659 17.4464 3749.778 42445.63 0.4673 0.05882
BP23 ( 10265, 721656) 0.0759 22.8898 4380.127 32237.39 0.4267 0.04467
HP1 ( 8008, 721656) 0.0725 20.6963 4133.937 35763.13 0.5162 0.04956
HP4 ( 3371, 721656) 0.0318 6.76087 2105.839 94910.55 0.6247 0.1315
channel (  #signal, #backgr.)  Optimal-cut  S/sqrt(S+B)      NSig      NBkg   EffSig   EffBkg (smear, new steering card)
BP18 ( 9431, 1070647) 0.1067 27.3302 3303.263 11305.03 0.3503 0.01056
HP2 ( 1148, 1070647) 0.2108 9.96988 195.9845 190.4392 0.1707 0.0001779
HP3 ( 3546, 1070647) 0.1148 11.7777 1136.623 8176.872 0.3205 0.007637
HP5 ( 2758, 1070647) 0.1512 21.0261 1419.655 3139.099 0.5147 0.002932
HP6 ( 1511, 1070647) 0.1929 11.2382 327.0318 519.784 0.2164 0.0004855
HP7 ( 1467, 1070647) 0.1476 10.1428 613.5858 3046.023 0.4183 0.002845
HP8 ( 932, 1070647) 0.1466 5.51944 325.2033 3146.317 0.3489 0.002939
HP9 ( 1288, 1070647) 0.1907 8.49997 271.163 746.5519 0.2105 0.0006973
HP10 ( 372, 1070647) 0.1413 1.73285 109.3773 3874.741 0.294 0.003619
HP11 ( 6953, 1070647) 0.1404 39.6277 3337.075 3754.366 0.4799 0.003507
HP12 ( 4076, 1070647) 0.1480 22.9377 1634.764 3444.623 0.4011 0.003217
HP13 ( 6400, 1070647) 0.1585 44.0861 3385.515 2511.687 0.529 0.002346
HP14 ( 2754, 1070647) 0.1443 14.2289 960.0073 3592.01 0.3486 0.003355
HP15 ( 6184, 1070647) 0.1553 36.4293 2651.738 2646.831 0.4288 0.002472
HP16 ( 5709, 1070647) 0.1570 41.7857 3119.143 2452.898 0.5464 0.002291
HP17 ( 2190, 1070647) 0.1849 17.2775 694.1807 920.117 0.317 0.0008594
HP18 ( 5273, 1070647) 0.1466 38.1419 3135.979 3623.948 0.5947 0.003385
HP19 ( 4714, 1070647) 0.1512 36.2035 2647.379 2699.889 0.5616 0.002522
HP20 ( 3265, 1070647) 0.1743 26.0643 1379.749 1422.501 0.4226 0.001329
BP21 ( 7984, 1070647) 0.0860 17.5626 3708.417 40877.8 0.4645 0.03818
BP23 ( 10304, 1070647) 0.0945 23.2153 4394.226 31433.19 0.4265 0.02936
HP1 ( 8049, 1070647) 0.0898 20.3361 3927.507 33371.67 0.4879 0.03117
HP4 ( 3381, 1070647) 0.0553 6.36094 1884.956 85928.32 0.5575 0.08026
channel (  #signal, #backgr.)  Optimal-cut  S/sqrt(S+B)      NSig      NBkg   EffSig   EffBkg (with overlay, cuts for fast sim.)
BP18 ( 9228, 863071) 0.0783 25.3254 4170.704 22950.24 0.452 0.02659
HP2 ( 1023, 863071) 0.0918 4.05082 526.4836 16365.6 0.5146 0.01896
HP3 ( 3427, 863071) 0.1055 12.2166 1398.152 11699.91 0.408 0.01356
HP5 ( 2295, 863071) 0.1792 13.1314 422.9108 614.32 0.1843 0.0007118
HP6 ( 1375, 863071) 0.0903 5.54256 748.3862 17483.44 0.5443 0.02026
HP7 ( 1285, 863071) 0.0921 5.07914 683.863 17444.45 0.5322 0.02021
HP8 ( 824, 863071) 0.0954 3.12531 386.1694 14881.4 0.4687 0.01724
HP9 ( 1131, 863071) 0.1616 7.32495 336.2019 1770.44 0.2973 0.002051
HP10 ( 413, 863071) 0.0635 1.2486 228.8581 33366.85 0.5541 0.03866
HP11 ( 6520, 863071) 0.1493 32.4665 2305.963 2738.715 0.3537 0.003173
HP12 ( 3881, 863071) 0.1505 19.0634 1174.482 2621.202 0.3026 0.003037
HP13 ( 5784, 863071) 0.1674 33.4871 1877.834 1266.723 0.3247 0.001468
HP14 ( 2631, 863071) 0.1532 12.1031 661.8114 2328.241 0.2515 0.002698
HP15 ( 5812, 863071) 0.1470 32.0143 2227.527 2613.738 0.3833 0.003028
HP16 ( 5077, 863071) 0.1808 30.8371 1474.063 810.9361 0.2903 0.0009396
HP17 ( 2023, 863071) 0.0908 8.10294 1102.849 17421.66 0.5452 0.02019
HP18 ( 4749, 863071) 0.1737 30.8177 1581.742 1052.592 0.3331 0.00122
HP19 ( 4123, 863071) 0.1660 26.6426 1365.337 1260.853 0.3312 0.001461
HP20 ( 2951, 863071) 0.1688 21.4002 1008.781 1213.285 0.3418 0.001406
BP21 ( 7728, 863071) 0.0857 17.3859 3437.492 35654.44 0.4448 0.04131
BP23 ( 10063, 863071) 0.0751 22.8425 5148.02 45643.6 0.5116 0.05289
HP1 ( 7807, 863071) 0.0986 19.3806 3302.456 25733.81 0.423 0.02982
HP4 ( 3244, 863071) 0.0387 6.41465 2059.917 101062.5 0.635 0.1171
channel (  #signal, #backgr.)  Optimal-cut  S/sqrt(S+B)      NSig      NBkg   EffSig   EffBkg (with overlay, cuts for full sim.)
BP18 ( 9619, 1240358) 0.0978 24.824 3732.125 18871.02 0.388 0.01521
HP2 ( 1043, 1240358) 0.1027 4.22579 536.8354 15601.76 0.5147 0.01258
HP3 ( 3558, 1240358) 0.1137 11.6281 1340.057 11940.91 0.3766 0.009627
HP5 ( 2333, 1240358) 0.2083 12.6812 301.4979 263.7612 0.1292 0.0002126
HP6 ( 1397, 1240358) 0.1212 6.069 582.8054 8638.95 0.4172 0.006965
HP7 ( 1305, 1240358) 0.1098 5.66179 656.398 12784.45 0.503 0.01031
HP8 ( 837, 1240358) 0.1091 3.30358 382.8408 13046.85 0.4574 0.01052
HP9 ( 1160, 1240358) 0.1488 6.68409 411.9513 3386.508 0.3551 0.00273
HP10 ( 421, 1240358) 0.0924 1.30753 185.5219 19946.47 0.4407 0.01608
HP11 ( 6703, 1240358) 0.1370 31.2659 2886.607 5637.221 0.4306 0.004545
HP12 ( 4000, 1240358) 0.1740 19.12 918.1246 1387.699 0.2295 0.001119
HP13 ( 5901, 1240358) 0.1846 32.384 1638.606 921.6804 0.2777 0.0007431
HP14 ( 2724, 1240358) 0.1407 12.1029 898.4012 4611.769 0.3298 0.003718
HP15 ( 5974, 1240358) 0.1561 31.1703 2204.02 2795.728 0.3689 0.002254
HP16 ( 5179, 1240358) 0.1876 31.056 1418.324 667.4115 0.2739 0.0005381
HP17 ( 2057, 1240358) 0.1122 8.82128 984.0349 11459.9 0.4784 0.009239
HP18 ( 4850, 1240358) 0.1655 30.2752 1837.937 1847.484 0.379 0.001489
HP19 ( 4200, 1240358) 0.1614 24.2777 1526.436 2426.716 0.3634 0.001956
HP20 ( 3017, 1240358) 0.1760 20.6156 949.1381 1170.521 0.3146 0.0009437
BP21 ( 8107, 1240358) 0.1163 17.6883 2492.913 17370.05 0.3075 0.014
BP23 ( 10550, 1240358) 0.0949 23.1119 4604.041 35079.08 0.4364 0.02828
HP1 ( 8125, 1240358) 0.0972 19.6059 3709.724 32092.4 0.4566 0.02587
HP4 ( 3364, 1240358) 0.0588 6.39401 1938.663 89991.33 0.5763 0.07255
channel (  #signal, #backgr.)  Optimal-cut  S/sqrt(S+B)      NSig      NBkg   EffSig   EffBkg (with overlay, loose timing cuts, cuts for fast sim.)
BP18 ( 8355, 781186) 0.0679 21.3449 3909.816 29642.76 0.468 0.03795
HP2 ( 671, 781186) 0.1161 2.64938 239.7266 7947.616 0.3573 0.01017
HP3 ( 3092, 781186) 0.1105 11.5386 1204.376 9690.437 0.3895 0.0124
HP5 ( 1720, 781186) 0.1005 8.40878 981.0409 12630.54 0.5704 0.01617
HP6 ( 918, 781186) 0.0967 3.68677 444 14059.51 0.4837 0.018
HP7 ( 848, 781186) 0.0995 3.25103 376.3777 13026.71 0.4438 0.01668
HP8 ( 521, 781186) 0.0825 1.70758 256.8411 22366.95 0.493 0.02863
HP9 ( 966, 781186) 0.1764 6.77928 202.0917 686.5578 0.2092 0.0008789
HP10 ( 251, 781186) 0.0674 0.621477 108.8706 30579.25 0.4337 0.03914
HP11 ( 5750, 781186) 0.1241 26.275 2503.837 6577.045 0.4354 0.008419
HP12 ( 3460, 781186) 0.1432 16.2073 1090.4 3435.951 0.3151 0.004398
HP13 ( 4850, 781186) 0.1513 26.7558 1615.112 2028.809 0.333 0.002597
HP14 ( 2358, 781186) 0.1568 11.107 545.5112 1866.707 0.2313 0.00239
HP15 ( 5135, 781186) 0.1473 26.8879 1767.93 2555.375 0.3443 0.003271
HP16 ( 4273, 781186) 0.1606 23.3733 1224.036 1518.484 0.2865 0.001944
HP17 ( 1488, 781186) 0.1051 6.46818 699.1814 10985.46 0.4699 0.01406
HP18 ( 4047, 781186) 0.1455 24.2698 1590.96 2706.235 0.3931 0.003464
HP19 ( 3403, 781186) 0.1523 20.0296 1187.585 2327.886 0.349 0.00298
HP20 ( 2530, 781186) 0.1717 17.7522 694.9169 837.4388 0.2747 0.001072
BP21 ( 7298, 781186) 0.0774 16.5173 3508.309 41606.51 0.4807 0.05326
BP23 ( 9480, 781186) 0.0806 21.5452 4439.385 38017.04 0.4683 0.04867
HP1 ( 7328, 781186) 0.0891 18.5686 3401.713 30159.31 0.4642 0.03861
HP4 ( 3017, 781186) 0.0560 6.04545 1608.638 69195.75 0.5332 0.08858
channel (  #signal, #backgr.)  Optimal-cut  S/sqrt(S+B)      NSig      NBkg   EffSig   EffBkg (with overlay, loose timing cuts, cuts for fast sim.)
channel (  #signal, #backgr.)  Optimal-cut  S/sqrt(S+B)      NSig      NBkg   EffSig   EffBkg (with overlay, cuts for fast sim., precise angular cuts)
BP18 ( 9234, 865865) 0.0821 24.3669 3836.772 20956.43 0.4155 0.0242
HP2 ( 1024, 865865) 0.0985 4.23469 509.514 13967.17 0.4976 0.01613
channel (  #signal, #backgr.)  Optimal-cut  S/sqrt(S+B)      NSig      NBkg   EffSig   EffBkg (with overlay, cuts for fast sim., precise angular cuts)
BP18 ( 9234, 865865) 0.0794 24.5917 3976.741 22173.58 0.4307 0.02561
HP2 ( 1024, 865865) 0.1022 4.31649 482.0891 11991.56 0.4708 0.01385
HP3 ( 3429, 865865) 0.1224 12.1799 1023.895 6042.932 0.2986 0.006979
HP5 ( 2296, 865865) 0.1830 13.5452 394.8451 454.8827 0.172 0.0005254
HP6 ( 1377, 865865) 0.1094 5.9274 599.2587 9621.919 0.4352 0.01111
HP7 ( 1286, 865865) 0.1066 5.54818 586.8912 10602.68 0.4564 0.01225
HP8 ( 825, 865865) 0.0996 3.30049 379.0181 12808.48 0.4594 0.01479
HP9 ( 1132, 865865) 0.1697 7.83319 269.9551 917.7408 0.2385 0.00106
HP10 ( 414, 865865) 0.0711 1.25384 211.694 28293.95 0.5113 0.03268
HP11 ( 6524, 865865) 0.1654 32.4989 1761.31 1175.899 0.27 0.001358
HP12 ( 3884, 865865) 0.1529 21.1376 1136.369 1753.835 0.2926 0.002026
HP13 ( 5788, 865865) 0.1577 34.9243 2104.498 1526.631 0.3636 0.001763
HP14 ( 2633, 865865) 0.1556 13.0677 623.6289 1653.853 0.2369 0.00191
HP15 ( 5815, 865865) 0.1506 32.2108 2162.01 2343.162 0.3718 0.002706
HP16 ( 5080, 865865) 0.1505 33.2768 2112.254 1916.863 0.4158 0.002214
HP17 ( 2024, 865865) 0.1169 9.20558 886.403 8385.317 0.4379 0.009684
HP18 ( 4752, 865865) 0.1575 32.2529 1831.137 1392.194 0.3853 0.001608
HP19 ( 4126, 865865) 0.1747 27.2776 1233.113 810.4691 0.2989 0.000936
HP20 ( 2952, 865865) 0.1616 22.4146 1073.023 1218.659 0.3635 0.001407
BP21 ( 7733, 865865) 0.0774 17.4192 3725.388 42013.53 0.4818 0.04852
BP23 ( 10071, 865865) 0.0796 22.8794 4839.014 39893.68 0.4805 0.04607
HP1 ( 7811, 865865) 0.0763 19.5441 4185.907 41686.25 0.5359 0.04814
HP4 ( 3245, 865865) 0.0540 6.42965 1767.19 73775.41 0.5446 0.0852
channel (  #signal, #backgr.)  Optimal-cut  S/sqrt(S+B)      NSig      NBkg   EffSig   EffBkg (with overlay, cuts for fast sim., precise angular cuts, corrected CMS angles)
channel (  #signal, #backgr.)  Optimal-cut  S/sqrt(S+B)      NSig      NBkg   EffSig   EffBkg (with overlay, cuts for fast sim., precise angular cuts, corrected CMS angles)
channel (  #signal, #backgr.)  Optimal-cut  S/sqrt(S+B)      NSig      NBkg   EffSig   EffBkg (with overlay, cuts for fast sim., precise angular cuts, corrected CMS angles)
BP18 ( 9234, 865865) 0.0995 24.3967 3122.161 13255.34 0.3381 0.01531
HP2 ( 1024, 865865) 0.1039 4.18359 477.6239 12556.26 0.4664 0.0145
HP3 ( 3429, 865865) 0.0998 12.1225 1456.02 12970.19 0.4246 0.01498
HP5 ( 2296, 865865) 0.1519 12.2502 624.4222 1973.745 0.272 0.00228
HP6 ( 1377, 865865) 0.1032 5.83009 667.2296 12430.61 0.4846 0.01436
HP7 ( 1286, 865865) 0.0884 5.21889 715.9475 18103.46 0.5567 0.02091
HP8 ( 825, 865865) 0.0928 3.21642 414.233 16171.82 0.5021 0.01868
HP9 ( 1132, 865865) 0.1696 7.69009 248.8793 798.5251 0.2199 0.0009222
HP10 ( 414, 865865) 0.0808 1.2625 186.4812 21631.26 0.4504 0.02498
HP11 ( 6524, 865865) 0.1497 32.8569 2063.598 1880.95 0.3163 0.002172
HP12 ( 3884, 865865) 0.1573 19.4491 1082.952 2017.461 0.2788 0.00233
HP13 ( 5788, 865865) 0.1598 33.4609 1927.779 1391.459 0.3331 0.001607
HP14 ( 2633, 865865) 0.1594 12.5733 569.6243 1482.859 0.2163 0.001713
HP15 ( 5815, 865865) 0.1572 31.2172 1790.491 1499.207 0.3079 0.001731
HP16 ( 5080, 865865) 0.1642 31.6221 1704.187 1200.193 0.3355 0.001386
HP17 ( 2024, 865865) 0.1088 8.84408 918.0867 9858.015 0.4536 0.01139
HP18 ( 4752, 865865) 0.1622 31.0275 1698.682 1298.617 0.3575 0.0015
HP19 ( 4126, 865865) 0.1717 25.7416 1116.394 764.4973 0.2706 0.0008829
HP20 ( 2952, 865865) 0.1584 22.3758 1105.791 1336.463 0.3746 0.001543
BP21 ( 7733, 865865) 0.0816 17.3706 3492.989 36942.83 0.4517 0.04267
BP23 ( 10071, 865865) 0.0764 22.59 4968.717 43410.1 0.4934 0.05013
HP1 ( 7811, 865865) 0.0826 19.2191 3791.509 35127.28 0.4854 0.04057
HP4 ( 3245, 865865) 0.0452 6.30503 1876.709 86720.56 0.5783 0.1002
channel (  #signal, #backgr.)  Optimal-cut  S/sqrt(S+B)      NSig      NBkg   EffSig   EffBkg (with overlay, cuts for fast sim., precise angular cuts, corrected CMS angles, train on 5 scen. as for full sim)
BP18 ( 9234, 865865) 0.1378 18.3489 1380.556 4280.365 0.1495 0.004943
HP2 ( 1024, 865865) 0.1114 4.55446 475.1537 10408.98 0.464 0.01202
HP3 ( 3429, 865865) 0.1245 13.7447 1224.608 6713.597 0.3571 0.007754
HP5 ( 2296, 865865) 0.1156 12.2733 1238.25 8940.461 0.5393 0.01033
HP6 ( 1377, 865865) 0.1007 6.15299 768.5212 14832 0.5581 0.01713
HP7 ( 1286, 865865) 0.1007 5.64585 703.7122 14832 0.5472 0.01713
HP8 ( 825, 865865) 0.0923 3.30389 458.6537 18812.93 0.5559 0.02173
HP9 ( 1132, 865865) 0.1847 8.05025 216.5614 507.1132 0.1913 0.0005857
HP10 ( 414, 865865) 0.0831 1.30364 203.1171 24072.9 0.4906 0.0278
HP11 ( 6524, 865865) 0.1437 27.869 2065.706 3428.373 0.3166 0.003959
HP12 ( 3884, 865865) 0.1437 16.9958 1149.994 3428.373 0.2961 0.003959
HP13 ( 5788, 865865) 0.1437 30.0043 2263.697 3428.373 0.3911 0.003959
HP14 ( 2633, 865865) 0.1444 11.3224 723.3467 3358.106 0.2747 0.003878
HP15 ( 5815, 865865) 0.1437 29.3571 2203.038 3428.373 0.3789 0.003959
HP16 ( 5080, 865865) 0.1437 28.0735 2084.406 3428.373 0.4103 0.003959
HP17 ( 2024, 865865) 0.1065 9.48872 1097.381 12277.8 0.5422 0.01418
HP18 ( 4752, 865865) 0.1437 28.0304 2080.458 3428.373 0.4378 0.003959
HP19 ( 4126, 865865) 0.1437 23.337 1665.61 3428.373 0.4037 0.003959
HP20 ( 2952, 865865) 0.1808 20.4471 769.8593 647.7583 0.2608 0.0007481
channel (  #signal, #backgr.)  Optimal-cut  S/sqrt(S+B)      NSig      NBkg   EffSig   EffBkg (with overlay, cuts for fast sim., precise angular cuts, corrected CMS angles, train on 5 scen. for full sim, no pruning, PCA)
BP18 ( 9234, 865865) 0.1300 19.2905 1551.513 4917.297 0.168 0.005679
HP2 ( 1024, 865865) 0.1053 4.68436 505.9988 11162.04 0.4941 0.01289
HP3 ( 3429, 865865) 0.1300 15.8386 1242.516 4911.659 0.3624 0.005673
HP5 ( 2296, 865865) 0.1255 12.0835 988.7448 5706.768 0.4306 0.006591
HP6 ( 1377, 865865) 0.1053 6.32424 688.4571 11162.04 0.5 0.01289
HP7 ( 1286, 865865) 0.1057 5.78062 624.647 11052.07 0.4857 0.01276
HP8 ( 825, 865865) 0.0953 3.32632 414.1498 15087.78 0.502 0.01743
HP9 ( 1132, 865865) 0.1708 8.53116 310.2857 1012.554 0.2741 0.001169
HP10 ( 414, 865865) 0.0452 1.2732 282.483 48943.44 0.6823 0.05653
HP11 ( 6524, 865865) 0.1414 29.2414 2167.453 3326.728 0.3322 0.003842
HP12 ( 3884, 865865) 0.1605 18.432 922.0352 1580.332 0.2374 0.001825
HP13 ( 5788, 865865) 0.1605 31.2588 1823.789 1580.332 0.3151 0.001825
HP14 ( 2633, 865865) 0.1605 12.3583 573.5458 1580.332 0.2178 0.001825
HP15 ( 5815, 865865) 0.1604 31.0929 1810.586 1580.332 0.3114 0.001825
HP16 ( 5080, 865865) 0.1605 29.2448 1666.363 1580.332 0.328 0.001825
HP17 ( 2024, 865865) 0.1041 9.53072 1072.296 11586.07 0.5298 0.01338
HP18 ( 4752, 865865) 0.1605 29.6004 1693.717 1580.332 0.3564 0.001825
HP19 ( 4126, 865865) 0.1605 24.3862 1311.351 1580.332 0.3178 0.001825
HP20 ( 2952, 865865) 0.1708 21.6098 959.691 1012.554 0.3251 0.001169
BP21 ( 7733, 865865) 0.0933 17.7785 3304.1 31235.47 0.4273 0.03607
BP23 ( 10071, 865865) 0.0912 23.5707 4565.296 32948.79 0.4533 0.03805
HP1 ( 7811, 865865) 0.1046 20.1657 3252.82 22766.35 0.4164 0.02629
HP4 ( 3245, 865865) 0.0522 6.49912 1842.492 78529.03 0.5678 0.09069
channel (  #signal, #backgr.)  Optimal-cut  S/sqrt(S+B)      NSig      NBkg   EffSig   EffBkg (with overlay, signal weights with mean CS, test on dedicated weights, no pruning, PCA)
BP18 ( 9234, 865865) 0.0847 21.3094 3318.907 20938.78 0.3594 0.02418
HP2 ( 1024, 865865) 0.1443 6.0656 401.1445 3972.609 0.3917 0.004588
HP3 ( 3429, 865865) 0.1161 12.0094 1228.273 9232.033 0.3582 0.01066
HP5 ( 2296, 865865) 0.1443 13.7027 962.6318 3972.609 0.4193 0.004588
HP6 ( 1377, 865865) 0.1443 8.44237 568.9399 3972.609 0.4132 0.004588
HP7 ( 1286, 865865) 0.1443 7.87592 528.7432 3978.248 0.4112 0.004595
channel (  #signal, #backgr.)  Optimal-cut  S/sqrt(S+B)      NSig      NBkg   EffSig   EffBkg (with overlay, signal weights with mean CS, test on dedicated weights, no pruning, PCA)
BP18 ( 9234, 865865) 0.0700 21.6158 3865.057 28106.77 0.4186 0.03246
HP2 ( 1024, 865865) 0.1198 5.49058 507.6139 8039.723 0.4957 0.009285
HP3 ( 3429, 865865) 0.1008 12.0236 1483.192 13733.8 0.4325 0.01586
HP5 ( 2296, 865865) 0.1726 14.0511 570.65 1078.729 0.2485 0.001246
HP6 ( 1377, 865865) 0.1200 7.60414 708.9127 7982.395 0.5148 0.009219
HP7 ( 1286, 865865) 0.1200 7.10346 660.3838 7982.395 0.5135 0.009219
HP8 ( 825, 865865) 0.1200 4.40272 403.1694 7982.395 0.4887 0.009219
HP9 ( 1132, 865865) 0.1780 9.04648 311.1355 871.7419 0.2749 0.001007
HP10 ( 414, 865865) 0.1196 1.86194 169.155 8084.335 0.4086 0.009337
HP11 ( 6524, 865865) 0.1726 31.8339 1668.558 1078.729 0.2558 0.001246
HP12 ( 3884, 865865) 0.1726 19.8438 877.7307 1078.729 0.226 0.001246
HP13 ( 5788, 865865) 0.1727 34.7378 1893.998 1078.729 0.3272 0.001246
HP14 ( 2633, 865865) 0.1727 12.5196 496.9647 1078.729 0.1887 0.001246
HP15 ( 5815, 865865) 0.1726 31.7104 1659.276 1078.729 0.2853 0.001246
HP16 ( 5080, 865865) 0.1726 32.8752 1747.823 1078.729 0.3441 0.001246
HP17 ( 2024, 865865) 0.1200 10.4809 992.9443 7982.395 0.4906 0.009219
HP18 ( 4752, 865865) 0.1726 32.3786 1709.803 1078.729 0.3598 0.001246
HP19 ( 4126, 865865) 0.1726 28.2339 1407.917 1078.729 0.3412 0.001246
HP20 ( 2952, 865865) 0.1779 23.0186 994.3683 871.7419 0.3368 0.001007
BP21 ( 7733, 865865) 0.0748 16.7228 3877.25 49878.92 0.5014 0.05761
BP23 ( 10071, 865865) 0.0747 22.0171 5170.655 49982.53 0.5134 0.05773
HP1 ( 7811, 865865) 0.1016 20.0074 3394.867 25396.66 0.4346 0.02933
HP4 ( 3245, 865865) 0.0747 7.79064 1772.532 49993.2 0.5462 0.05774
