channel (  #signal, #backgr.)  Optimal-cut  S/sqrt(S+B)      NSig      NBkg   EffSig   EffBkg (overlay, cuts for fast sim, PCA, no pruning)
BP18 ( 13678, 1375557) 0.1227 68.4716 7855.447 5306.531 0.5743 0.003858
HP2 ( 1040, 1375557) 0.1729 10.4929 433.0462 1270.195 0.4164 0.0009234
HP3 ( 696, 1375557) 0.1786 6.54003 245.8436 1167.21 0.3532 0.0008485
HP5 ( 173, 1375557) 0.1687 2.02111 81.44726 1542.501 0.4708 0.001121
HP6 ( 25, 1375557) 0.2789 0.317579 0.1008565 0 0.004034 0
HP11 ( 8198, 1375557) 0.1509 55.1259 4341.988 1861.931 0.5296 0.001354
HP12 ( 4321, 1375557) 0.1656 34.3265 1947.745 1271.88 0.4508 0.0009246
HP13 ( 6152, 1375557) 0.1467 46.9897 3433.875 1906.409 0.5582 0.001386
HP14 ( 2566, 1375557) 0.1773 21.9513 932.2862 871.4758 0.3633 0.0006335
HP15 ( 5364, 1375557) 0.1584 41.7014 2813.809 1739.085 0.5246 0.001264
HP16 ( 4595, 1375557) 0.1529 38.5821 2504.121 1708.376 0.545 0.001242
HP17 ( 1992, 1375557) 0.1646 18.9258 921.1948 1447.976 0.4624 0.001053
HP18 ( 3535, 1375557) 0.1513 32.0055 1959.708 1789.459 0.5544 0.001301
HP19 ( 2637, 1375557) 0.1595 24.4927 1337.624 1644.966 0.5073 0.001196
HP20 ( 1421, 1375557) 0.1770 16.1 615.2778 845.1945 0.433 0.0006144
BP21 ( 9639, 1375557) 0.1089 22.7476 4440.3 33662.17 0.4607 0.02447
BP23 ( 14924, 1375557) 0.1090 37.2505 7109.787 29319.31 0.4764 0.02131
HP1 ( 9148, 1375557) 0.1105 29.0788 4826.18 22719.52 0.5276 0.01652
HP4 ( 255, 1375557) 0.1383 1.74886 131.1081 5489.085 0.5141 0.00399
channel (  #signal, #backgr.)  Optimal-cut  S/sqrt(S+B)      NSig      NBkg   EffSig   EffBkg (overlay, cuts for fast sim, PCA, no pruning, missing P4 like in full sim.)
BP18 ( 13678, 1381599) 0.1287 67.2811 7736.901 5486.657 0.5656 0.003971
HP2 ( 1040, 1381599) 0.1561 10.9999 553.7779 1980.739 0.5325 0.001434
HP3 ( 696, 1381599) 0.1457 6.66475 407.2085 3325.854 0.5851 0.002407
HP5 ( 173, 1381599) 0.2116 2.4092 34.32784 168.6959 0.1984 0.0001221
HP6 ( 25, 1381599) 0.1703 0.313097 11.29666 1290.502 0.4519 0.0009341
HP11 ( 8198, 1381599) 0.1472 55.5515 4671.463 2400.075 0.5698 0.001737
HP12 ( 4321, 1381599) 0.1474 34.3807 2353.553 2332.62 0.5447 0.001688
HP13 ( 6152, 1381599) 0.1502 48.1133 3244.233 1302.44 0.5273 0.0009427
HP14 ( 2566, 1381599) 0.1555 21.7635 1284.431 2198.647 0.5006 0.001591
HP15 ( 5364, 1381599) 0.1535 42.1755 3021.749 2111.552 0.5633 0.001528
HP16 ( 4595, 1381599) 0.1416 39.0497 2644.851 1942.543 0.5756 0.001406
HP17 ( 1992, 1381599) 0.1598 19.4443 1014.053 1705.741 0.5091 0.001235
HP18 ( 3535, 1381599) 0.1505 32.2067 1983.846 1810.389 0.5612 0.00131
HP19 ( 2637, 1381599) 0.1831 25.5055 1017.38 573.7248 0.3858 0.0004153
HP20 ( 1421, 1381599) 0.1722 16.5218 687.1221 1042.516 0.4835 0.0007546
BP21 ( 9647, 1381599) 0.0982 22.5175 5100.142 46200.68 0.5287 0.03344
BP23 ( 14929, 1381599) 0.0968 37.561 8302.654 40558.04 0.5561 0.02936
HP1 ( 9148, 1381599) 0.1105 29.3599 4844.398 22380.86 0.5296 0.0162
HP4 ( 255, 1381599) 0.1272 1.75436 157.0396 7855.74 0.6158 0.005686
channel (  #signal, #backgr.)  Optimal-cut  S/sqrt(S+B)      NSig      NBkg   EffSig   EffBkg (overlay, cuts for fast sim, PCA, no pruning, missing P4 like in full sim.)
BP18 ( 13678, 1381599) 0.1235 67.9196 7942.571 5732.59 0.5807 0.004149
HP2 ( 1040, 1381599) 0.1730 11.0807 423.3697 1036.475 0.4071 0.0007502
HP3 ( 696, 1381599) 0.1606 6.6963 335.2447 2171.173 0.4817 0.001571
HP5 ( 173, 1381599) 0.2545 2.60845 6.804036 0 0.03933 0
HP6 ( 25, 1381599) 0.1604 0.326982 12.71304 1498.933 0.5085 0.001085
HP11 ( 8198, 1381599) 0.1458 55.6749 4767.126 2564.385 0.5815 0.001856
HP12 ( 4321, 1381599) 0.1531 34.2751 2264.028 2099.172 0.524 0.001519
HP13 ( 6152, 1381599) 0.1408 47.2934 3523.874 2027.993 0.5728 0.001468
HP14 ( 2566, 1381599) 0.1640 21.7227 1165.693 1713.97 0.4543 0.001241
HP15 ( 5364, 1381599) 0.1522 41.6927 3040.15 2276.896 0.5668 0.001648
HP16 ( 4595, 1381599) 0.1500 38.9879 2527.315 1674.725 0.55 0.001212
HP17 ( 1992, 1381599) 0.1492 19.5054 1134.798 2249.958 0.5697 0.001629
HP18 ( 3535, 1381599) 0.1520 32.7735 1921.088 1514.876 0.5434 0.001096
HP19 ( 2637, 1381599) 0.1655 24.8581 1251.487 1283.153 0.4746 0.0009287
HP20 ( 1421, 1381599) 0.1679 16.019 693.0097 1178.564 0.4877 0.000853
BP21 ( 9647, 1381599) 0.0963 22.6871 5125.537 45915.69 0.5313 0.03323
BP23 ( 14929, 1381599) 0.1002 37.4702 7995.671 37538.45 0.5356 0.02717
HP1 ( 9148, 1381599) 0.1060 29.0927 5052.397 25107.27 0.5523 0.01817
HP4 ( 255, 1381599) 0.1336 1.7636 139.9395 6156.305 0.5488 0.004456
channel (  #signal, #backgr.)  Optimal-cut  S/sqrt(S+B)      NSig      NBkg   EffSig   EffBkg (overlay, cuts for fast sim, PCA, no pruning, missing P4 like in full sim., split signal for training)
HP3 ( 696, 1381599) 0.1414 6.81575 386.9619 2836.401 0.556 0.002053
HP17 ( 1992, 1381599) 0.1572 19.2057 983.7689 1640.012 0.4939 0.001187
HP20 ( 1421, 1381599) 0.1727 15.6675 621.6543 952.6869 0.4375 0.0006896
BP21 ( 9647, 1381599) 0.0926 22.2555 5079.093 47004.07 0.5265 0.03402
BP23 ( 14929, 1381599) 0.0846 35.953 8825.531 51431.96 0.5912 0.03723
channel (  #signal, #backgr.)  Optimal-cut  S/sqrt(S+B)      NSig      NBkg   EffSig   EffBkg (overlay, cuts for fast sim, PCA, no pruning, missing P4 like in full sim., split signal for training, no Mlv)
HP3 ( 696, 1381599) 0.1496 6.8401 355.4786 2345.379 0.5107 0.001698
HP17 ( 1992, 1381599) 0.1489 18.7944 1046.49 2053.877 0.5253 0.001487
HP20 ( 1421, 1381599) 0.1847 15.9824 504.7494 492.6411 0.3552 0.0003566
BP21 ( 9647, 1381599) 0.0950 22.5107 4983.082 44019.43 0.5165 0.03186
BP23 ( 14929, 1381599) 0.0946 36.2157 8147.032 42459.31 0.5457 0.03073
