channel (  #signal, #backgr.)  Optimal-cut  S/sqrt(S+B)      NSig      NBkg   EffSig   EffBkg (no smear, smeared EFlow, trained on single sample)
BP18 ( 13315, 1074253) 0.1182 71.3069 8028.515 4648.234 0.603 0.004327
channel (  #signal, #backgr.)  Optimal-cut  S/sqrt(S+B)      NSig      NBkg   EffSig   EffBkg (no smear, smeared EFlow, trained on single sample)
BP18 ( 13315, 1074253) 0.1088 70.8913 8569.352 6042.682 0.6436 0.005625
BP18 ( 13315, 1074253) 0.1169 71.5235 8282.508 5127.413 0.622 0.004773
BP18 ( 13315, 1074253) 0.1072 71.5848 8808.11 6331.823 0.6615 0.005894
BP18 ( 13315, 1074253) 0.1120 71.0458 8467.707 5737.74 0.636 0.005341
BP18 ( 13315, 1074253) 0.1144 71.652 8336.783 5200.787 0.6261 0.004841
 
HP2 ( 613, 1074253) 0.1608 13.8235 372.0963 352.4639 0.607 0.0003281
HP2 ( 613, 1074253) 0.1521 13.9323 398.0057 418.0703 0.6493 0.0003892
HP2 ( 613, 1074253) 0.1599 13.6579 375.507 380.4007 0.6126 0.0003541
HP2 ( 613, 1074253) 0.1599 13.6579 375.507 380.4007 0.6126 0.0003541
HP2 ( 613, 1074253) 0.1556 13.4049 390.2568 457.3061 0.6366 0.0004257
 
HP3 ( 673, 1074253) 0.1636 7.88345 260.2422 829.4962 0.3867 0.0007722
HP3 ( 673, 1074253) 0.1612 8.02779 277.4415 916.9615 0.4122 0.0008536
HP3 ( 673, 1074253) 0.1416 8.12739 371.1201 1713.977 0.5514 0.001596
HP3 ( 673, 1074253) 0.1797 8.50501 178.1057 260.4317 0.2646 0.0002424
HP3 ( 673, 1074253) 0.1634 8.30725 244.9666 624.5931 0.364 0.0005814
 
HP5 ( 177, 1074253) 0.1921 4.13203 72.0188 231.7656 0.4069 0.0002157
HP5 ( 177, 1074253) 0.2011 4.37672 63.93175 149.4392 0.3612 0.0001391
HP5 ( 177, 1074253) 0.1982 4.02733 62.84211 180.6398 0.355 0.0001682
HP5 ( 177, 1074253) 0.1809 3.9318 83.05778 363.1908 0.4693 0.0003381
HP5 ( 177, 1074253) 0.1666 4.02294 100.4879 523.4484 0.5677 0.0004873
 
HP6 ( 15, 1074253) 0.2578 1.1471 1.31584 0 0.08772 0
HP6 ( 15, 1074253) 0.2649 1.0244 1.049386 0 0.06996 0
HP6 ( 15, 1074253) 0.2520 1.20925 1.462282 0 0.09749 0
HP6 ( 15, 1074253) 0.2550 1.16103 1.347986 0 0.08987 0
HP6 ( 15, 1074253) 0.2769 0.82898 0.6872083 0 0.04581 0
 
HP11 ( 8311, 1074253) 0.1249 62.1284 5573.517 2474.312 0.6706 0.002303
HP11 ( 8311, 1074253) 0.1204 62.3013 5710.507 2690.948 0.6871 0.002505
HP11 ( 8311, 1074253) 0.1199 62.7236 5727.269 2610.168 0.6891 0.00243
HP11 ( 8311, 1074253) 0.1251 62.3237 5577.997 2432.34 0.6712 0.002264
HP11 ( 8311, 1074253) 0.1196 62.1474 5773.222 2856.382 0.6946 0.002659
 
HP12 ( 4317, 1074253) 0.1387 37.6897 2512.633 1931.768 0.582 0.001798
HP12 ( 4317, 1074253) 0.1476 37.8301 2332.755 1469.687 0.5404 0.001368
HP12 ( 4317, 1074253) 0.1519 37.6416 2229.87 1279.444 0.5165 0.001191
HP12 ( 4317, 1074253) 0.1345 37.7827 2657.411 2289.481 0.6156 0.002131
HP12 ( 4317, 1074253) 0.1375 37.882 2623.821 2173.536 0.6078 0.002023
 
HP13 ( 6391, 1074253) 0.1288 59.2444 4436.699 1171.527 0.6942 0.001091
HP13 ( 6391, 1074253) 0.1288 59.2444 4436.699 1171.527 0.6942 0.001091
HP13 ( 6391, 1074253) 0.1237 59.4658 4595.817 1377.157 0.7191 0.001282
HP13 ( 6391, 1074253) 0.1288 59.2444 4436.699 1171.527 0.6942 0.001091
HP13 ( 6391, 1074253) 0.1288 59.2444 4436.699 1171.527 0.6942 0.001091
 
HP14 ( 2533, 1074253) 0.1527 23.9529 1201.871 1315.804 0.4745 0.001225
HP14 ( 2533, 1074253) 0.1434 24.0683 1384.872 1925.892 0.5467 0.001793
HP14 ( 2533, 1074253) 0.1490 23.9072 1341.502 1807.153 0.5296 0.001682
HP14 ( 2533, 1074253) 0.1373 23.9337 1463.473 2275.483 0.5778 0.002118
HP14 ( 2533, 1074253) 0.1499 24.1451 1270.993 1499.965 0.5018 0.001396
 
HP15 ( 5457, 1074253) 0.1332 47.5145 3455.404 1833.248 0.6332 0.001707
HP15 ( 5457, 1074253) 0.1423 46.8428 3225.991 1516.874 0.5912 0.001412
HP15 ( 5457, 1074253) 0.1282 47.3207 3610.062 2209.981 0.6615 0.002057
HP15 ( 5457, 1074253) 0.1271 47.2041 3681.384 2400.859 0.6746 0.002235
HP15 ( 5457, 1074253) 0.1235 46.9603 3807.533 2766.413 0.6977 0.002575
 
HP16 ( 4808, 1074253) 0.1388 49.9197 3162.102 850.3367 0.6577 0.0007916
HP16 ( 4808, 1074253) 0.1308 49.8252 3331.582 1139.401 0.6929 0.001061
HP16 ( 4808, 1074253) 0.1290 49.3229 3417.148 1382.728 0.7107 0.001287
HP16 ( 4808, 1074253) 0.1262 49.2043 3454.414 1474.411 0.7185 0.001372
HP16 ( 4808, 1074253) 0.1369 49.2428 3259.221 1121.47 0.6779 0.001044
 
HP17 ( 1577, 1074253) 0.1545 26.6792 1020.835 443.2453 0.6473 0.0004126
HP17 ( 1577, 1074253) 0.1386 26.9324 1160.891 697.0462 0.7361 0.0006489
HP17 ( 1577, 1074253) 0.1434 26.6883 1138.249 680.7507 0.7218 0.0006337
HP17 ( 1577, 1074253) 0.1392 27.1249 1150.23 647.9475 0.7294 0.0006032
HP17 ( 1577, 1074253) 0.1438 26.5905 1124.752 664.4552 0.7132 0.0006185
 
HP18 ( 3698, 1074253) 0.1265 40.2976 2624.839 1617.914 0.7098 0.001506
HP18 ( 3698, 1074253) 0.1359 40.4001 2487.222 1303.003 0.6726 0.001213
HP18 ( 3698, 1074253) 0.1344 40.7874 2498.927 1254.733 0.6758 0.001168
HP18 ( 3698, 1074253) 0.1359 40.4001 2487.222 1303.003 0.6726 0.001213
HP18 ( 3698, 1074253) 0.1346 40.4675 2480.345 1276.4 0.6707 0.001188
 
HP19 ( 2767, 1074253) 0.1551 33.4911 1635.528 749.3064 0.5911 0.0006975
HP19 ( 2767, 1074253) 0.1412 33.9882 1794.287 992.6571 0.6485 0.000924
HP19 ( 2767, 1074253) 0.1469 33.2147 1735.77 995.2494 0.6273 0.0009265
HP19 ( 2767, 1074253) 0.1469 33.2147 1735.77 995.2494 0.6273 0.0009265
HP19 ( 2767, 1074253) 0.1414 33.8232 1796.256 1024.121 0.6492 0.0009533
 
HP20 ( 1484, 1074253) 0.1401 20.0566 974.3764 1385.77 0.6566 0.00129
HP20 ( 1484, 1074253) 0.1412 20.1342 952.3653 1285.017 0.6418 0.001196
HP20 ( 1484, 1074253) 0.1580 19.9403 814.1726 852.9636 0.5486 0.000794
HP20 ( 1484, 1074253) 0.1603 20.3246 782.5614 699.9334 0.5273 0.0006516
HP20 ( 1484, 1074253) 0.1484 20.1005 899.8038 1104.121 0.6063 0.001028
 
BP21 ( 9407, 1074253) 0.0802 22.2551 5547.995 56597.86 0.5898 0.05269
BP21 ( 9407, 1074253) 0.0723 22.2313 5940.875 65471.11 0.6315 0.06095
BP21 ( 9407, 1074253) 0.0773 22.1553 5674.149 59917.21 0.6032 0.05578
BP21 ( 9407, 1074253) 0.0874 22.2931 5072.378 46697.89 0.5392 0.04347
BP21 ( 9407, 1074253) 0.0816 22.3078 5389.729 52984.25 0.5729 0.04932
 
BP23 ( 14584, 1074253) 0.0902 37.221 7853.039 36661.36 0.5385 0.03413
BP23 ( 14584, 1074253) 0.0958 37.2131 7349.213 31653.14 0.5039 0.02947
BP23 ( 14584, 1074253) 0.0875 37.2541 8127.51 39468.17 0.5573 0.03674
BP23 ( 14584, 1074253) 0.0959 37.0611 7369.376 32169.53 0.5053 0.02995
BP23 ( 14584, 1074253) 0.0916 37.1879 7630.489 34471.4 0.5232 0.03209
 
HP1 ( 8869, 1074253) 0.0864 28.263 5592.3 33558.92 0.6305 0.03124
HP1 ( 8869, 1074253) 0.0978 28.5991 4968.571 25214.17 0.5602 0.02347
HP1 ( 8869, 1074253) 0.0938 28.3594 5303.818 29673.2 0.598 0.02762
HP1 ( 8869, 1074253) 0.0989 28.4769 4984.666 25655.24 0.562 0.02388
HP1 ( 8869, 1074253) 0.1034 28.5255 4543.744 20828.67 0.5123 0.01939
 
HP4 ( 239, 1074253) 0.1101 1.68258 165.3312 9489.794 0.6918 0.008834
HP4 ( 239, 1074253) 0.1156 1.65376 152.531 8354.352 0.6382 0.007777
HP4 ( 239, 1074253) 0.1185 1.6909 144.3746 7145.954 0.6041 0.006652
HP4 ( 239, 1074253) 0.1110 1.62778 157.1702 9165.665 0.6576 0.008532
HP4 ( 239, 1074253) 0.1057 1.63861 169.1186 10482.91 0.7076 0.009758
 
channel (  #signal, #backgr.)  Optimal-cut  S/sqrt(S+B)      NSig      NBkg   EffSig   EffBkg (with smear, smeared EFlow)
BP18 ( 13315, 1077400) 0.1247 71.3252 7639.836 3833.311 0.5738 0.003558
BP18 ( 13315, 1077400) 0.1117 70.9044 8489.527 5846.209 0.6376 0.005426
channel (  #signal, #backgr.)  Optimal-cut  S/sqrt(S+B)      NSig      NBkg   EffSig   EffBkg (with smear, smeared EFlow)
BP18 ( 13315, 1077400) 0.1121 71.3462 8456.425 5592.134 0.6351 0.00519
BP18 ( 13315, 1077400) 0.1095 71.7736 8699.33 5991.363 0.6533 0.005561
BP18 ( 13315, 1077400) 0.1194 72.0583 8005.384 4336.932 0.6012 0.004025
BP18 ( 13315, 1077400) 0.1046 72.0742 9037.254 6684.944 0.6787 0.006205
BP18 ( 13315, 1077400) 0.1143 71.7923 8441.422 5383.896 0.634 0.004997
 
HP2 ( 613, 1077400) 0.1646 13.6484 364.3595 348.3276 0.5944 0.0003233
HP2 ( 613, 1077400) 0.1617 14.0662 380.8737 352.3001 0.6213 0.000327
HP2 ( 613, 1077400) 0.1617 14.0662 380.8737 352.3001 0.6213 0.000327
HP2 ( 613, 1077400) 0.1540 13.5605 409.4445 502.227 0.6679 0.0004661
HP2 ( 613, 1077400) 0.1617 14.0662 380.8737 352.3001 0.6213 0.000327
 
HP3 ( 673, 1077400) 0.1464 8.08397 357.9671 1602.849 0.5319 0.001488
HP3 ( 673, 1077400) 0.1503 8.20192 330.9054 1296.805 0.4917 0.001204
HP3 ( 673, 1077400) 0.1378 8.15068 391.0919 1911.248 0.5811 0.001774
HP3 ( 673, 1077400) 0.1537 8.0646 318.058 1237.361 0.4726 0.001148
HP3 ( 673, 1077400) 0.1405 8.08755 380.1811 1829.589 0.5649 0.001698
 
HP5 ( 177, 1077400) 0.2273 4.36074 44.46503 59.50691 0.2512 5.523e-05
HP5 ( 177, 1077400) 0.2413 4.11658 34.06819 34.42146 0.1925 3.195e-05
HP5 ( 177, 1077400) 0.1887 3.99723 82.818 346.4534 0.4679 0.0003216
HP5 ( 177, 1077400) 0.1886 3.94626 83.20645 361.3652 0.4701 0.0003354
HP5 ( 177, 1077400) 0.2282 4.40916 44.65133 57.90355 0.2523 5.374e-05
 
HP6 ( 15, 1077400) 0.2875 0.887 0.7867682 0 0.05245 0
HP6 ( 15, 1077400) 0.2804 0.993314 0.986673 0 0.06578 0
HP6 ( 15, 1077400) 0.2269 0.673649 4.407187 38.39394 0.2938 3.564e-05
HP6 ( 15, 1077400) 0.2290 0.685235 4.167301 32.81811 0.2778 3.046e-05
HP6 ( 15, 1077400) 0.2867 0.905717 0.8203237 0 0.05469 0
 
HP11 ( 8311, 1077400) 0.1323 62.0001 5058.863 1598.795 0.6087 0.001484
HP11 ( 8311, 1077400) 0.1170 61.8054 5814.882 3036.855 0.6997 0.002819
HP11 ( 8311, 1077400) 0.1193 62.3095 5673.968 2618.152 0.6827 0.00243
HP11 ( 8311, 1077400) 0.1194 61.7535 5702.006 2823.741 0.6861 0.002621
HP11 ( 8311, 1077400) 0.1152 61.8103 5890.903 3192.364 0.7088 0.002963
 
HP12 ( 4317, 1077400) 0.1491 38.2957 2283.046 1271.055 0.5289 0.00118
HP12 ( 4317, 1077400) 0.1500 37.8423 2209.73 1200.035 0.5119 0.001114
HP12 ( 4317, 1077400) 0.1290 38.0027 2728.752 2427.093 0.6321 0.002253
HP12 ( 4317, 1077400) 0.1495 37.8694 2297.467 1383.166 0.5322 0.001284
HP12 ( 4317, 1077400) 0.1347 38.1999 2636.183 2126.23 0.6107 0.001973
 
HP13 ( 6391, 1077400) 0.1196 57.3995 4720.857 2043.478 0.7387 0.001897
HP13 ( 6391, 1077400) 0.1342 57.909 4352.751 1297.079 0.6811 0.001204
HP13 ( 6391, 1077400) 0.1342 57.909 4352.751 1297.079 0.6811 0.001204
HP13 ( 6391, 1077400) 0.1251 58.0013 4608.68 1704.934 0.7211 0.001582
HP13 ( 6391, 1077400) 0.1290 57.41 4517.17 1673.787 0.7068 0.001554
 
HP14 ( 2533, 1077400) 0.1374 24.5524 1428.013 1954.779 0.5638 0.001814
HP14 ( 2533, 1077400) 0.1339 24.7559 1497.198 2160.433 0.5911 0.002005
HP14 ( 2533, 1077400) 0.1389 24.6095 1393.89 1814.249 0.5503 0.001684
HP14 ( 2533, 1077400) 0.1346 24.8535 1495.99 2127.125 0.5906 0.001974
HP14 ( 2533, 1077400) 0.1429 24.8176 1374.704 1693.606 0.5427 0.001572
 
HP15 ( 5457, 1077400) 0.1258 47.3196 3716.035 2451.015 0.681 0.002275
HP15 ( 5457, 1077400) 0.1354 47.0559 3354.721 1727.868 0.6148 0.001604
HP15 ( 5457, 1077400) 0.1379 47.6817 3372.744 1630.639 0.6181 0.001513
HP15 ( 5457, 1077400) 0.1379 47.6817 3372.744 1630.639 0.6181 0.001513
HP15 ( 5457, 1077400) 0.1279 47.064 3626.017 2309.827 0.6645 0.002144
 
HP16 ( 4808, 1077400) 0.1324 48.4417 3381.557 1491.417 0.7033 0.001384
HP16 ( 4808, 1077400) 0.1308 47.8689 3438.542 1721.365 0.7152 0.001598
HP16 ( 4808, 1077400) 0.1382 48.5393 3164.651 1086.092 0.6582 0.001008
HP16 ( 4808, 1077400) 0.1444 48.5758 3096.721 967.3733 0.6441 0.0008979
HP16 ( 4808, 1077400) 0.1460 48.2904 3116.961 1049.251 0.6483 0.0009739
 
HP17 ( 1577, 1077400) 0.1429 25.8354 1139.316 805.4154 0.7225 0.0007476
HP17 ( 1577, 1077400) 0.1523 25.6146 1071.777 679.0116 0.6796 0.0006302
HP17 ( 1577, 1077400) 0.1379 25.8742 1168.052 869.8873 0.7407 0.0008074
HP17 ( 1577, 1077400) 0.1216 25.3079 1292.623 1316.112 0.8197 0.001222
HP17 ( 1577, 1077400) 0.1611 25.4005 971.1044 490.5572 0.6158 0.0004553
 
HP18 ( 3698, 1077400) 0.1294 39.1995 2609.213 1821.352 0.7056 0.001691
HP18 ( 3698, 1077400) 0.1398 39.3105 2415.051 1359.243 0.6531 0.001262
HP18 ( 3698, 1077400) 0.1294 39.1995 2609.213 1821.352 0.7056 0.001691
HP18 ( 3698, 1077400) 0.1534 38.9903 2155.287 900.3131 0.5828 0.0008356
HP18 ( 3698, 1077400) 0.1357 39.2334 2492.822 1544.279 0.6741 0.001433
 
HP19 ( 2767, 1077400) 0.1442 32.4858 1829.536 1342.183 0.6612 0.001246
HP19 ( 2767, 1077400) 0.1399 32.8504 1832.801 1279.981 0.6624 0.001188
HP19 ( 2767, 1077400) 0.1418 32.9938 1798.187 1172.151 0.6499 0.001088
HP19 ( 2767, 1077400) 0.1527 32.6362 1690.254 992.0293 0.6109 0.0009208
HP19 ( 2767, 1077400) 0.1418 32.9938 1798.187 1172.151 0.6499 0.001088
 
HP20 ( 1484, 1077400) 0.1468 19.6372 911.3332 1242.41 0.6141 0.001153
HP20 ( 1484, 1077400) 0.1515 19.5913 893.7739 1187.507 0.6023 0.001102
HP20 ( 1484, 1077400) 0.1442 19.7415 940.5899 1329.49 0.6338 0.001234
HP20 ( 1484, 1077400) 0.1582 19.5694 824.1998 949.6265 0.5554 0.0008814
HP20 ( 1484, 1077400) 0.1491 19.6679 907.8585 1222.829 0.6118 0.001135
 
BP21 ( 9400, 1077400) 0.0782 22.4003 5571.39 56289.97 0.5927 0.05225
BP21 ( 9400, 1077400) 0.0874 22.8526 5050.915 43799.7 0.5373 0.04065
BP21 ( 9400, 1077400) 0.0933 22.672 4804.685 40106.16 0.5111 0.03722
BP21 ( 9400, 1077400) 0.0799 22.5568 5495.211 53853.7 0.5846 0.04998
BP21 ( 9400, 1077400) 0.0905 22.8678 4881.028 40677.79 0.5193 0.03776
 
BP23 ( 14579, 1077400) 0.0869 37.9707 8064.271 37041.49 0.5531 0.03438
BP23 ( 14579, 1077400) 0.0937 37.8619 7404.43 30840.97 0.5079 0.02863
BP23 ( 14579, 1077400) 0.0949 37.9037 7462.147 31296.13 0.5118 0.02905
BP23 ( 14579, 1077400) 0.0912 37.9162 7864.151 35154.3 0.5394 0.03263
BP23 ( 14579, 1077400) 0.0908 37.9149 7700.577 33549.76 0.5282 0.03114
 
HP1 ( 8869, 1077400) 0.0894 28.7407 5308.13 28802.4 0.5985 0.02673
HP1 ( 8869, 1077400) 0.0975 28.6517 4984.125 25276.47 0.562 0.02346
HP1 ( 8869, 1077400) 0.0893 28.5155 5435.212 30895.37 0.6128 0.02868
HP1 ( 8869, 1077400) 0.0932 28.9615 5163.132 26619.08 0.5822 0.02471
HP1 ( 8869, 1077400) 0.0889 28.6614 5492.452 31230.59 0.6193 0.02899
 
HP4 ( 239, 1077400) 0.1201 1.68185 142.4747 7033.84 0.5961 0.006529
HP4 ( 239, 1077400) 0.1163 1.70051 144.3207 7058.425 0.6039 0.006551
HP4 ( 239, 1077400) 0.1158 1.74198 148.0449 7074.673 0.6194 0.006566
HP4 ( 239, 1077400) 0.1188 1.72515 144.3849 6860.298 0.6041 0.006367
HP4 ( 239, 1077400) 0.1011 1.69761 175.5568 10518.91 0.7345 0.009763
 
channel (  #signal, #backgr.)  Optimal-cut  S/sqrt(S+B)      NSig      NBkg   EffSig   EffBkg (with smear, smeared EFlow, no CMS angles)
BP18 ( 13315, 1077400) 0.1139 71.0019 8643.129 6175.291 0.6491 0.005732
BP18 ( 13315, 1077400) 0.1130 71.3934 8530.011 5745.219 0.6406 0.005332
BP18 ( 13315, 1077400) 0.1152 70.8348 8387.126 5632.369 0.6299 0.005228
BP18 ( 13315, 1077400) 0.1248 70.5494 7948.706 4745.516 0.597 0.004405
BP18 ( 13315, 1077400) 0.1221 71.0575 8139.22 4981.131 0.6113 0.004623
 
HP2 ( 613, 1077400) 0.1699 13.8324 364.1202 328.818 0.594 0.0003052
HP2 ( 613, 1077400) 0.1427 13.753 455.2475 640.4708 0.7427 0.0005945
HP2 ( 613, 1077400) 0.1586 13.7672 398.6445 439.815 0.6503 0.0004082
HP2 ( 613, 1077400) 0.1427 13.753 455.2475 640.4708 0.7427 0.0005945
HP2 ( 613, 1077400) 0.1825 14.0062 318.6463 198.9366 0.5198 0.0001846
 
HP3 ( 673, 1077400) 0.1606 8.25725 292.9328 965.6021 0.4353 0.0008962
HP3 ( 673, 1077400) 0.1430 8.0054 378.1812 1853.506 0.5619 0.00172
HP3 ( 673, 1077400) 0.1582 7.89176 291.0595 1069.181 0.4325 0.0009924
HP3 ( 673, 1077400) 0.1554 8.01925 315.0835 1228.69 0.4682 0.00114
HP3 ( 673, 1077400) 0.1522 8.15705 335.4874 1356.069 0.4985 0.001259
 
HP5 ( 177, 1077400) 0.1928 4.26157 77.8475 255.8477 0.4398 0.0002375
HP5 ( 177, 1077400) 0.2271 4.58099 44.82969 50.93667 0.2533 4.728e-05
HP5 ( 177, 1077400) 0.1928 4.26157 77.8475 255.8477 0.4398 0.0002375
HP5 ( 177, 1077400) 0.2026 4.56922 70.51065 167.6256 0.3984 0.0001556
HP5 ( 177, 1077400) 0.2073 4.36147 62.44447 142.5401 0.3528 0.0001323
 
HP6 ( 15, 1077400) 0.2781 0.992235 0.9845312 0 0.06564 0
HP6 ( 15, 1077400) 0.2841 0.942037 0.8874346 0 0.05916 0
HP6 ( 15, 1077400) 0.2781 0.992235 0.9845312 0 0.06564 0
HP6 ( 15, 1077400) 0.2883 0.954834 0.9117087 0 0.06078 0
HP6 ( 15, 1077400) 0.2883 0.954834 0.9117087 0 0.06078 0
 
HP11 ( 8311, 1077400) 0.1383 61.0572 5122.599 1916.348 0.6164 0.001779
HP11 ( 8311, 1077400) 0.1242 60.9044 5641.161 2937.898 0.6788 0.002727
HP11 ( 8311, 1077400) 0.1224 61.0884 5620.349 2844.305 0.6763 0.00264
HP11 ( 8311, 1077400) 0.1206 61.7772 5690.878 2795.11 0.6847 0.002594
HP11 ( 8311, 1077400) 0.1378 61.5967 5166.536 1868.787 0.6217 0.001735
 
HP12 ( 4317, 1077400) 0.1423 37.6833 2436.774 1744.734 0.5645 0.001619
HP12 ( 4317, 1077400) 0.1400 37.3149 2568.153 2168.572 0.5949 0.002013
HP12 ( 4317, 1077400) 0.1398 37.5384 2532.061 2017.795 0.5865 0.001873
HP12 ( 4317, 1077400) 0.1290 37.3185 2832.647 2928.856 0.6562 0.002718
HP12 ( 4317, 1077400) 0.1411 38.1671 2579.478 1988.102 0.5975 0.001845
 
HP13 ( 6391, 1077400) 0.1320 57.4623 4423.249 1502.147 0.6921 0.001394
HP13 ( 6391, 1077400) 0.1383 57.3714 4228.632 1203.978 0.6617 0.001117
HP13 ( 6391, 1077400) 0.1352 57.2761 4269.278 1286.719 0.668 0.001194
HP13 ( 6391, 1077400) 0.1363 57.7419 4318.994 1275.79 0.6758 0.001184
HP13 ( 6391, 1077400) 0.1320 57.4623 4423.249 1502.147 0.6921 0.001394
 
HP14 ( 2533, 1077400) 0.1542 24.2532 1204.448 1261.807 0.4755 0.001171
HP14 ( 2533, 1077400) 0.1425 23.9892 1410.124 2045.142 0.5567 0.001898
HP14 ( 2533, 1077400) 0.1383 24.147 1446.796 2143.164 0.5712 0.001989
HP14 ( 2533, 1077400) 0.1398 24.4164 1445.365 2058.854 0.5706 0.001911
HP14 ( 2533, 1077400) 0.1383 24.147 1446.796 2143.164 0.5712 0.001989
 
HP15 ( 5457, 1077400) 0.1358 47.2818 3509.87 2000.672 0.6432 0.001857
HP15 ( 5457, 1077400) 0.1290 47.5636 3660.346 2262.014 0.6708 0.0021
HP15 ( 5457, 1077400) 0.1385 46.9247 3391.625 1832.491 0.6215 0.001701
HP15 ( 5457, 1077400) 0.1376 47.2534 3478.211 1939.878 0.6374 0.001801
HP15 ( 5457, 1077400) 0.1361 47.1636 3483.455 1971.688 0.6383 0.00183
 
HP16 ( 4808, 1077400) 0.1387 47.8995 3244.916 1344.37 0.6749 0.001248
HP16 ( 4808, 1077400) 0.1339 47.8336 3362.794 1579.57 0.6994 0.001466
HP16 ( 4808, 1077400) 0.1372 47.4995 3275.406 1479.602 0.6812 0.001373
HP16 ( 4808, 1077400) 0.1306 47.5459 3409.442 1732.65 0.7091 0.001608
HP16 ( 4808, 1077400) 0.1306 47.5459 3409.442 1732.65 0.7091 0.001608
 
HP17 ( 1577, 1077400) 0.1470 26.2043 1116.543 699.0011 0.708 0.0006488
HP17 ( 1577, 1077400) 0.1538 26.7695 1061.417 510.7213 0.6731 0.000474
HP17 ( 1577, 1077400) 0.1434 26.5592 1130.666 681.6704 0.717 0.0006327
HP17 ( 1577, 1077400) 0.1517 26.6067 1075.345 558.1306 0.6819 0.000518
HP17 ( 1577, 1077400) 0.1538 26.7695 1061.417 510.7213 0.6731 0.000474
 
HP18 ( 3698, 1077400) 0.1377 39.6098 2523.904 1536.237 0.6825 0.001426
HP18 ( 3698, 1077400) 0.1456 39.2192 2370.545 1282.862 0.641 0.001191
HP18 ( 3698, 1077400) 0.1392 39.4549 2433.436 1370.543 0.658 0.001272
HP18 ( 3698, 1077400) 0.1313 38.9068 2592.68 1847.978 0.7011 0.001715
HP18 ( 3698, 1077400) 0.1363 39.0144 2510.082 1629.215 0.6788 0.001512
 
HP19 ( 2767, 1077400) 0.1329 32.0006 1970.892 1822.343 0.7123 0.001691
HP19 ( 2767, 1077400) 0.1526 32.5148 1704.607 1043.832 0.616 0.0009688
HP19 ( 2767, 1077400) 0.1404 32.4316 1865.186 1442.371 0.6741 0.001339
HP19 ( 2767, 1077400) 0.1526 32.5148 1704.607 1043.832 0.616 0.0009688
HP19 ( 2767, 1077400) 0.1414 32.2685 1867.518 1481.926 0.6749 0.001375
 
HP20 ( 1484, 1077400) 0.1530 19.4316 898.3627 1239.042 0.6054 0.00115
HP20 ( 1484, 1077400) 0.1525 19.3665 874.8884 1165.929 0.5895 0.001082
HP20 ( 1484, 1077400) 0.1517 19.3466 877.4348 1179.49 0.5913 0.001095
HP20 ( 1484, 1077400) 0.1574 19.5866 847.1702 1023.603 0.5709 0.0009501
 
BP21 ( 9400, 1077400) 0.0871 22.2634 5131.19 47988.04 0.5459 0.04454
BP21 ( 9400, 1077400) 0.0847 22.2774 5249.472 50277.41 0.5585 0.04667
BP21 ( 9400, 1077400) 0.0803 22.2162 5559.267 57057.98 0.5914 0.05296
BP21 ( 9400, 1077400) 0.0775 22.2779 5714.246 60077.02 0.6079 0.05576
BP21 ( 9400, 1077400) 0.0811 22.207 5492.262 55675.4 0.5843 0.05168
 
BP23 ( 14579, 1077400) 0.0881 37.4898 7962.699 37149.59 0.5462 0.03448
BP23 ( 14579, 1077400) 0.0904 37.7672 7779.718 34652.67 0.5336 0.03216
BP23 ( 14579, 1077400) 0.0890 37.6955 7935.478 36381.27 0.5443 0.03377
BP23 ( 14579, 1077400) 0.0908 38.0479 7725.025 33497.82 0.5299 0.03109
BP23 ( 14579, 1077400) 0.0911 37.819 7716.456 33914.5 0.5293 0.03148
 
HP1 ( 8869, 1077400) 0.1009 28.2724 4838.064 24445.05 0.5455 0.02269
HP1 ( 8869, 1077400) 0.0991 28.4975 4791.756 23481.5 0.5403 0.02179
HP1 ( 8869, 1077400) 0.0965 28.4424 4987.465 25761.16 0.5623 0.02391
HP1 ( 8869, 1077400) 0.1008 28.3619 4777.18 23593.59 0.5386 0.0219
HP1 ( 8869, 1077400) 0.1002 28.6281 4918.382 24597.81 0.5546 0.02283
 
HP4 ( 239, 1077400) 0.1149 1.70932 156.8582 8264.186 0.6563 0.00767
HP4 ( 239, 1077400) 0.1192 1.6546 144.875 7521.726 0.6062 0.006981
HP4 ( 239, 1077400) 0.1084 1.67626 167.7833 9851.014 0.702 0.009143
HP4 ( 239, 1077400) 0.1134 1.67639 159.9594 8944.858 0.6693 0.008302
HP4 ( 239, 1077400) 0.1129 1.67421 160.8984 9075.077 0.6732 0.008423
 
channel (  #signal, #backgr.)  Optimal-cut  S/sqrt(S+B)      NSig      NBkg   EffSig   EffBkg (no smear, smeared EFlow, trained on single sample, no CMS angles)
BP18 ( 13315, 1074253) 0.1196 70.8052 8016.375 4801.804 0.6021 0.00447
BP18 ( 13315, 1074253) 0.1196 70.5284 8259.894 5455.901 0.6203 0.005079
BP18 ( 13315, 1074253) 0.1136 70.944 8494.844 5842.844 0.638 0.005439
BP18 ( 13315, 1074253) 0.1097 70.6996 8727.651 6511.512 0.6555 0.006061
BP18 ( 13315, 1074253) 0.1208 70.7647 8031.61 4850.042 0.6032 0.004515
 
HP2 ( 613, 1074253) 0.1726 13.4609 325.573 259.4153 0.5311 0.0002415
HP2 ( 613, 1074253) 0.1683 13.4264 336.7925 292.4307 0.5494 0.0002722
HP2 ( 613, 1074253) 0.1683 13.4264 336.7925 292.4307 0.5494 0.0002722
HP2 ( 613, 1074253) 0.1683 13.4264 336.7925 292.4307 0.5494 0.0002722
HP2 ( 613, 1074253) 0.1683 13.4264 336.7925 292.4307 0.5494 0.0002722
 
HP3 ( 673, 1074253) 0.1650 7.89749 264.9249 860.3723 0.3936 0.0008009
HP3 ( 673, 1074253) 0.1621 7.70601 289.5152 1121.992 0.4302 0.001044
HP3 ( 673, 1074253) 0.1548 7.87577 319.383 1325.129 0.4746 0.001234
HP3 ( 673, 1074253) 0.1469 7.7854 354.9712 1723.885 0.5274 0.001605
HP3 ( 673, 1074253) 0.1596 7.83223 281.6939 1011.858 0.4186 0.0009419
 
HP5 ( 177, 1074253) 0.1913 3.97295 78.1683 308.9431 0.4416 0.0002876
HP5 ( 177, 1074253) 0.1843 3.97808 83.03797 352.6808 0.4691 0.0003283
HP5 ( 177, 1074253) 0.1967 3.96559 72.21692 259.42 0.408 0.0002415
HP5 ( 177, 1074253) 0.1904 3.98977 77.29263 298.0087 0.4367 0.0002774
HP5 ( 177, 1074253) 0.1964 4.02402 70.61615 237.3389 0.399 0.0002209
 
HP6 ( 15, 1074253) 0.2662 1.09256 1.193685 0 0.07958 0
HP6 ( 15, 1074253) 0.2814 0.701053 0.4914754 0 0.03277 0
HP6 ( 15, 1074253) 0.2644 1.01915 1.03867 0 0.06924 0
HP6 ( 15, 1074253) 0.2662 1.09256 1.193685 0 0.07958 0
HP6 ( 15, 1074253) 0.2684 1.06575 1.135822 0 0.07572 0
 
HP11 ( 8311, 1074253) 0.1260 62.686 5536.235 2263.647 0.6661 0.002107
HP11 ( 8311, 1074253) 0.1277 62.1297 5542.015 2414.765 0.6668 0.002248
HP11 ( 8311, 1074253) 0.1223 62.3489 5730.882 2717.723 0.6896 0.00253
HP11 ( 8311, 1074253) 0.1287 62.4582 5495.63 2246.431 0.6612 0.002091
HP11 ( 8311, 1074253) 0.1193 62.2108 5723.223 2740.259 0.6886 0.002551
 
HP12 ( 4317, 1074253) 0.1260 37.1423 2876.088 3119.971 0.6662 0.002904
HP12 ( 4317, 1074253) 0.1327 37.0579 2685.566 2566.27 0.6221 0.002389
HP12 ( 4317, 1074253) 0.1358 37.071 2643.899 2442.617 0.6124 0.002274
HP12 ( 4317, 1074253) 0.1485 36.7119 2368.534 1793.884 0.5487 0.00167
HP12 ( 4317, 1074253) 0.1375 37.2029 2558.602 2171.288 0.5927 0.002021
 
HP13 ( 6391, 1074253) 0.1279 58.7172 4447.72 1290.065 0.6959 0.001201
HP13 ( 6391, 1074253) 0.1255 58.7923 4579.514 1487.816 0.7166 0.001385
HP13 ( 6391, 1074253) 0.1198 58.816 4725.659 1729.903 0.7394 0.00161
HP13 ( 6391, 1074253) 0.1279 58.7172 4447.72 1290.065 0.6959 0.001201
HP13 ( 6391, 1074253) 0.1225 58.7375 4630.946 1585.018 0.7246 0.001475
 
HP14 ( 2533, 1074253) 0.1455 24.0244 1440.984 2156.62 0.5689 0.002008
HP14 ( 2533, 1074253) 0.1428 23.7006 1425.961 2193.945 0.563 0.002042
HP14 ( 2533, 1074253) 0.1353 23.8449 1526.516 2571.864 0.6027 0.002394
HP14 ( 2533, 1074253) 0.1394 23.6722 1478.496 2422.389 0.5837 0.002255
HP14 ( 2533, 1074253) 0.1358 24.0486 1531.791 2525.34 0.6047 0.002351
 
HP15 ( 5457, 1074253) 0.1352 46.9205 3514.14 2095.206 0.644 0.00195
HP15 ( 5457, 1074253) 0.1344 47.0921 3491.256 2005.004 0.6398 0.001866
HP15 ( 5457, 1074253) 0.1344 47.0921 3491.256 2005.004 0.6398 0.001866
HP15 ( 5457, 1074253) 0.1355 47.2954 3536.07 2053.824 0.648 0.001912
HP15 ( 5457, 1074253) 0.1263 47.0965 3703.601 2480.42 0.6787 0.002309
 
HP16 ( 4808, 1074253) 0.1237 49.2185 3523.127 1600.756 0.7328 0.00149
HP16 ( 4808, 1074253) 0.1237 49.2185 3523.127 1600.756 0.7328 0.00149
HP16 ( 4808, 1074253) 0.1411 49.0937 3183.732 1021.81 0.6622 0.0009512
HP16 ( 4808, 1074253) 0.1237 49.2185 3523.127 1600.756 0.7328 0.00149
HP16 ( 4808, 1074253) 0.1247 49.0892 3562.218 1703.64 0.7409 0.001586
 
HP17 ( 1577, 1074253) 0.1448 26.4025 1126.61 694.1737 0.7144 0.0006462
HP17 ( 1577, 1074253) 0.1445 26.8844 1121.72 619.156 0.7113 0.0005764
HP17 ( 1577, 1074253) 0.1560 26.649 1039.662 482.3698 0.6593 0.000449
HP17 ( 1577, 1074253) 0.1600 26.1722 997.4104 454.9276 0.6325 0.0004235
HP17 ( 1577, 1074253) 0.1560 26.649 1039.662 482.3698 0.6593 0.000449
 
HP18 ( 3698, 1074253) 0.1338 40.3737 2503.094 1340.681 0.6769 0.001248
HP18 ( 3698, 1074253) 0.1370 40.4007 2471.021 1269.864 0.6682 0.001182
HP18 ( 3698, 1074253) 0.1325 40.811 2527.76 1308.578 0.6835 0.001218
HP18 ( 3698, 1074253) 0.1303 40.1913 2504.086 1377.731 0.6771 0.001283
HP18 ( 3698, 1074253) 0.1344 41.0097 2491.256 1199.052 0.6737 0.001116
 
HP19 ( 2767, 1074253) 0.1500 33.3093 1728.824 965.0162 0.6248 0.0008983
HP19 ( 2767, 1074253) 0.1425 33.6904 1807.296 1070.415 0.6532 0.0009964
HP19 ( 2767, 1074253) 0.1500 33.3093 1728.824 965.0162 0.6248 0.0008983
HP19 ( 2767, 1074253) 0.1488 33.5179 1717.421 908.0068 0.6207 0.0008452
HP19 ( 2767, 1074253) 0.1568 33.4931 1580.484 646.2591 0.5712 0.0006016
 
HP20 ( 1484, 1074253) 0.1523 20.3853 860.2633 920.5921 0.5797 0.000857
HP20 ( 1484, 1074253) 0.1541 20.2607 845.1207 894.7995 0.5695 0.000833
HP20 ( 1484, 1074253) 0.1523 20.3853 860.2633 920.5921 0.5797 0.000857
HP20 ( 1484, 1074253) 0.1523 20.3853 860.2633 920.5921 0.5797 0.000857
HP20 ( 1484, 1074253) 0.1523 20.3853 860.2633 920.5921 0.5797 0.000857
 
BP21 ( 9407, 1074253) 0.0821 22.1046 5493.438 56268.99 0.584 0.05238
BP21 ( 9407, 1074253) 0.0873 22.0113 5185.097 50305.67 0.5512 0.04683
BP21 ( 9407, 1074253) 0.0782 22.0413 5662.681 60340.97 0.602 0.05617
BP21 ( 9407, 1074253) 0.0857 21.9613 5306.009 53067.84 0.564 0.0494
BP21 ( 9407, 1074253) 0.0898 22.0462 5059.107 47600.83 0.5378 0.04431
 
BP23 ( 14584, 1074253) 0.0841 37.415 8421.892 42245.47 0.5775 0.03933
BP23 ( 14584, 1074253) 0.0836 37.5218 8494.479 42756.97 0.5825 0.0398
BP23 ( 14584, 1074253) 0.0859 37.1443 8255.042 41136.67 0.566 0.03829
BP23 ( 14584, 1074253) 0.0882 37.0709 8207.659 40812.27 0.5628 0.03799
BP23 ( 14584, 1074253) 0.0833 36.9647 8472.804 44065.93 0.581 0.04102
 
HP1 ( 8869, 1074253) 0.1138 28.3159 4205.916 17856.94 0.4742 0.01662
HP1 ( 8869, 1074253) 0.1066 28.2218 4641.068 22402.61 0.5233 0.02085
HP1 ( 8869, 1074253) 0.1040 28.2458 4880.964 24980 0.5503 0.02325
HP1 ( 8869, 1074253) 0.1039 28.1589 4908.749 25479.84 0.5535 0.02372
HP1 ( 8869, 1074253) 0.0977 28.3471 5051.776 26707.47 0.5696 0.02486
 
HP4 ( 239, 1074253) 0.1122 1.6748 158.3701 8783.324 0.6626 0.008176
HP4 ( 239, 1074253) 0.1176 1.66251 153.2179 8340.383 0.6411 0.007764
HP4 ( 239, 1074253) 0.1199 1.65009 146.8751 7776.001 0.6145 0.007239
HP4 ( 239, 1074253) 0.1138 1.65148 160.1287 9241.279 0.67 0.008603
HP4 ( 239, 1074253) 0.1156 1.62505 155.6864 9022.713 0.6514 0.008399
 
channel (  #signal, #backgr.)  Optimal-cut  S/sqrt(S+B)      NSig      NBkg   EffSig   EffBkg (no smear, smeared EFlow, trained on single sample, no jet angles)
BP18 ( 13315, 1074253) 0.1185 59.8962 7027.778 6739.171 0.5278 0.006273
HP2 ( 613, 1074253) 0.1824 12.362 253.5293 167.078 0.4136 0.0001555
HP3 ( 673, 1074253) 0.1465 6.78945 383.6873 2809.955 0.5701 0.002616
HP5 ( 177, 1074253) 0.1817 3.21344 73.93656 455.4549 0.4177 0.000424
HP6 ( 15, 1074253) 0.2725 0.954733 0.9115154 0 0.06077 0
HP11 ( 8311, 1074253) 0.1243 49.204 4804.323 4729.411 0.5781 0.004403
HP12 ( 4317, 1074253) 0.1491 29.7295 1954.203 2366.593 0.4527 0.002203
HP13 ( 6391, 1074253) 0.1264 46.3762 3878.065 3114.562 0.6068 0.002899
HP14 ( 2533, 1074253) 0.1343 19.0955 1376.243 3818.069 0.5433 0.003554
HP15 ( 5457, 1074253) 0.1257 37.6724 3325.346 4466.255 0.6094 0.004158
HP16 ( 4808, 1074253) 0.1235 38.7734 3172.7 3522.927 0.6599 0.003279
HP17 ( 1577, 1074253) 0.1392 21.9531 1125.339 1502.346 0.7136 0.001399
HP18 ( 3698, 1074253) 0.1206 30.6876 2484.313 4069.384 0.6718 0.003788
HP19 ( 2767, 1074253) 0.1416 26.4884 1710.787 2460.605 0.6183 0.002291
HP20 ( 1484, 1074253) 0.1739 14.8827 592.4703 992.3161 0.3992 0.0009237
BP21 ( 9407, 1074253) 0.0806 21.374 5630.569 63764.95 0.5986 0.05936
BP23 ( 14584, 1074253) 0.0879 34.958 7724.499 41101.22 0.5297 0.03826
HP1 ( 8869, 1074253) 0.0837 26.385 5628.588 39879.22 0.6346 0.03712
HP4 ( 239, 1074253) 0.1239 1.63066 148.4184 8135.778 0.621 0.007573
channel (  #signal, #backgr.)  Optimal-cut  S/sqrt(S+B)      NSig      NBkg   EffSig   EffBkg (with smear, smeared EFlow, trained on single sample, no jet angles)
BP18 ( 13315, 1077400) 0.1126 60.4007 7472.898 7834.267 0.5612 0.007271
HP2 ( 613, 1077400) 0.1610 11.5821 378.1812 687.9885 0.6169 0.0006386
HP3 ( 673, 1077400) 0.1566 6.90521 320.5136 1833.948 0.4762 0.001702
HP5 ( 177, 1077400) 0.2006 3.39534 64.5175 296.5509 0.3645 0.0002752
HP6 ( 15, 1077400) 0.2662 1.3049 1.702761 0 0.1135 0
HP11 ( 8311, 1077400) 0.1283 48.8661 4427.86 3782.708 0.5328 0.003511
HP12 ( 4317, 1077400) 0.1443 29.2639 2095.944 3033.801 0.4855 0.002816
HP13 ( 6391, 1077400) 0.1220 45.4268 4143.437 4176.073 0.6483 0.003876
HP14 ( 2533, 1077400) 0.1426 18.9043 1263.884 3205.959 0.499 0.002976
HP15 ( 5457, 1077400) 0.1340 36.9821 3101.734 3932.641 0.5684 0.00365
HP16 ( 4808, 1077400) 0.1312 37.6345 2989.353 3319.977 0.6217 0.003081
HP17 ( 1577, 1077400) 0.1480 21.8907 1056.188 1271.696 0.6697 0.00118
HP18 ( 3698, 1077400) 0.1452 30.7587 1904.716 1929.922 0.5151 0.001791
HP19 ( 2767, 1077400) 0.1378 25.5505 1752.744 2953.109 0.6334 0.002741
HP20 ( 1484, 1077400) 0.1515 15.0227 790.8849 1980.719 0.5329 0.001838
BP21 ( 9400, 1077400) 0.0742 21.5704 5847.109 67632.01 0.622 0.06277
BP23 ( 14579, 1077400) 0.0845 35.1268 7950.601 43279.31 0.5453 0.04017
HP1 ( 8869, 1077400) 0.0801 26.6759 5759.217 40851.65 0.6494 0.03792
HP4 ( 239, 1077400) 0.1230 1.61751 148.1273 8238.315 0.6198 0.007646


channel (  #signal, #backgr.)  Optimal-cut  S/sqrt(S+B)      NSig      NBkg   EffSig   EffBkg (no smear, smeared EFlow, trained on single sample, no jet angles)
BP18 ( 13315, 1074253) 0.1091 58.9518 7897.115 10047.88 0.5931 0.009353
BP18 ( 13315, 1074253) 0.1094 59.0499 7929.489 10102.83 0.5955 0.009405
BP18 ( 13315, 1074253) 0.1172 59.075 7404.84 8306.865 0.5561 0.007733
BP18 ( 13315, 1074253) 0.1111 59.6831 7574.327 8531.572 0.5689 0.007942
BP18 ( 13315, 1074253) 0.1141 59.333 7380.321 8092.082 0.5543 0.007533
 
HP2 ( 613, 1074253) 0.1705 12.1755 317.8241 363.5739 0.5185 0.0003384
HP2 ( 613, 1074253) 0.1824 12.362 253.5293 167.078 0.4136 0.0001555
HP2 ( 613, 1074253) 0.1734 12.392 316.8368 336.8797 0.5169 0.0003136
HP2 ( 613, 1074253) 0.1784 12.3677 282.1314 238.2578 0.4602 0.0002218
HP2 ( 613, 1074253) 0.1771 12.134 278.6309 248.6565 0.4545 0.0002315
 
HP3 ( 673, 1074253) 0.1346 6.86299 428.084 3462.646 0.6361 0.003223
HP3 ( 673, 1074253) 0.1488 7.03279 367.8928 2368.552 0.5466 0.002205
HP3 ( 673, 1074253) 0.1488 7.03279 367.8928 2368.552 0.5466 0.002205
HP3 ( 673, 1074253) 0.1488 7.03279 367.8928 2368.552 0.5466 0.002205
HP3 ( 673, 1074253) 0.1488 7.03279 367.8928 2368.552 0.5466 0.002205
 
HP5 ( 177, 1074253) 0.1942 3.2553 64.04269 322.9994 0.3618 0.0003007
HP5 ( 177, 1074253) 0.1942 3.2553 64.04269 322.9994 0.3618 0.0003007
HP5 ( 177, 1074253) 0.1781 3.26872 77.87509 489.7249 0.44 0.0004559
HP5 ( 177, 1074253) 0.1889 3.34322 64.94213 312.3885 0.3669 0.0002908
HP5 ( 177, 1074253) 0.1942 3.2553 64.04269 322.9994 0.3618 0.0003007
 
HP6 ( 15, 1074253) 0.2919 0.708654 0.5021907 0 0.03348 0
HP6 ( 15, 1074253) 0.2814 0.739726 0.547195 0 0.03648 0
HP6 ( 15, 1074253) 0.2783 0.858195 0.7364987 0 0.0491 0
HP6 ( 15, 1074253) 0.2919 0.708654 0.5021907 0 0.03348 0
HP6 ( 15, 1074253) 0.2919 0.708654 0.5021907 0 0.03348 0
 
HP11 ( 8311, 1074253) 0.1243 49.204 4804.323 4729.411 0.5781 0.004403
HP11 ( 8311, 1074253) 0.1234 48.9482 4954.462 5290.715 0.5961 0.004925
HP11 ( 8311, 1074253) 0.1237 48.7963 4876.141 5109.568 0.5867 0.004756
HP11 ( 8311, 1074253) 0.1234 48.9482 4954.462 5290.715 0.5961 0.004925
HP11 ( 8311, 1074253) 0.1286 49.4675 4555.053 3924.003 0.5481 0.003653
 
HP12 ( 4317, 1074253) 0.1533 29.498 1964.62 2471.164 0.4551 0.0023
HP12 ( 4317, 1074253) 0.1478 29.1448 2010.287 2747.39 0.4657 0.002557
HP12 ( 4317, 1074253) 0.1534 29.504 1862.792 2123.472 0.4315 0.001977
HP12 ( 4317, 1074253) 0.1493 29.9265 1927.708 2221.541 0.4465 0.002068
HP12 ( 4317, 1074253) 0.1447 29.7637 2077.996 2796.336 0.4814 0.002603
 
HP13 ( 6391, 1074253) 0.1264 46.3762 3878.065 3114.562 0.6068 0.002899
HP13 ( 6391, 1074253) 0.1343 46.0104 3529.865 2355.916 0.5523 0.002193
HP13 ( 6391, 1074253) 0.1264 46.3762 3878.065 3114.562 0.6068 0.002899
HP13 ( 6391, 1074253) 0.1264 46.3762 3878.065 3114.562 0.6068 0.002899
HP13 ( 6391, 1074253) 0.1264 46.3762 3878.065 3114.562 0.6068 0.002899
 
HP14 ( 2533, 1074253) 0.1412 19.175 1243.362 2961.218 0.4909 0.002757
HP14 ( 2533, 1074253) 0.1440 19.0908 1264.063 3120.114 0.499 0.002904
HP14 ( 2533, 1074253) 0.1399 19.0975 1353.932 3672.289 0.5345 0.003418
HP14 ( 2533, 1074253) 0.1404 18.8499 1288.654 3384.988 0.5087 0.003151
HP14 ( 2533, 1074253) 0.1363 18.8913 1352.144 3770.839 0.5338 0.00351
 
HP15 ( 5457, 1074253) 0.1326 37.8888 3022.036 3339.735 0.5538 0.003109
HP15 ( 5457, 1074253) 0.1285 38.0501 3189.09 3835.505 0.5844 0.00357
HP15 ( 5457, 1074253) 0.1375 37.9437 2869.762 2850.46 0.5259 0.002653
HP15 ( 5457, 1074253) 0.1326 37.8888 3022.036 3339.735 0.5538 0.003109
HP15 ( 5457, 1074253) 0.1300 37.7014 3084.682 3609.62 0.5653 0.00336
 
HP16 ( 4808, 1074253) 0.1181 38.2024 3378.404 4442.242 0.7027 0.004135
HP16 ( 4808, 1074253) 0.1330 38.1331 2890.551 2855.333 0.6012 0.002658
HP16 ( 4808, 1074253) 0.1269 38.2171 3046.306 3307.479 0.6336 0.003079
HP16 ( 4808, 1074253) 0.1181 38.2024 3378.404 4442.242 0.7027 0.004135
HP16 ( 4808, 1074253) 0.1329 38.5662 2835.215 2569.319 0.5897 0.002392
 
HP17 ( 1577, 1074253) 0.1746 21.7151 806.0559 571.811 0.5111 0.0005323
HP17 ( 1577, 1074253) 0.1491 21.7887 1048.024 1265.542 0.6646 0.001178
HP17 ( 1577, 1074253) 0.1544 21.7721 1009.294 1139.704 0.64 0.001061
HP17 ( 1577, 1074253) 0.1544 21.7721 1009.294 1139.704 0.64 0.001061
HP17 ( 1577, 1074253) 0.1618 22.2036 937.8964 846.3785 0.5947 0.0007879
 
HP18 ( 3698, 1074253) 0.1302 30.6814 2260.793 3168.842 0.6114 0.00295
HP18 ( 3698, 1074253) 0.1472 30.725 1943.236 2056.832 0.5255 0.001915
HP18 ( 3698, 1074253) 0.1472 30.725 1943.236 2056.832 0.5255 0.001915
HP18 ( 3698, 1074253) 0.1366 30.4344 2049.639 2485.873 0.5543 0.002314
HP18 ( 3698, 1074253) 0.1322 30.9478 2276.796 3135.592 0.6157 0.002919
 
HP19 ( 2767, 1074253) 0.1435 26.2126 1584.164 2068.262 0.5725 0.001925
HP19 ( 2767, 1074253) 0.1492 26.0416 1529.741 1920.919 0.5529 0.001788
HP19 ( 2767, 1074253) 0.1491 26.5503 1524.195 1771.466 0.5508 0.001649
HP19 ( 2767, 1074253) 0.1416 26.4884 1710.787 2460.605 0.6183 0.002291
HP19 ( 2767, 1074253) 0.1493 26.4633 1551.044 1884.227 0.5606 0.001754
 
HP20 ( 1484, 1074253) 0.1642 14.9847 644.5544 1205.653 0.4343 0.001122
HP20 ( 1484, 1074253) 0.1456 15.1022 833.7439 2214.065 0.5618 0.002061
HP20 ( 1484, 1074253) 0.1518 14.9392 789.3239 2002.307 0.5319 0.001864
HP20 ( 1484, 1074253) 0.1518 14.9392 789.3239 2002.307 0.5319 0.001864
HP20 ( 1484, 1074253) 0.1595 15.109 744.2144 1681.979 0.5015 0.001566
 
BP21 ( 9407, 1074253) 0.0732 21.3332 5942.186 71643.15 0.6317 0.06669
BP21 ( 9407, 1074253) 0.0740 21.4675 5890.577 69402.15 0.6262 0.06461
BP21 ( 9407, 1074253) 0.0773 21.4123 5686.929 64852.3 0.6045 0.06037
BP21 ( 9407, 1074253) 0.0770 21.4482 5661.698 64019.02 0.6019 0.05959
BP21 ( 9407, 1074253) 0.0703 21.5291 6074.73 73541.34 0.6458 0.06846
 
BP23 ( 14584, 1074253) 0.0821 34.8761 8241.684 47602.41 0.5651 0.04431
BP23 ( 14584, 1074253) 0.0842 34.6984 7989.393 45026.77 0.5478 0.04191
BP23 ( 14584, 1074253) 0.0875 34.7837 7759.029 41998.89 0.532 0.0391
BP23 ( 14584, 1074253) 0.0771 34.9765 8629.572 52243.48 0.5917 0.04863
BP23 ( 14584, 1074253) 0.0769 34.5132 8775.251 55871.82 0.6017 0.05201
 
HP1 ( 8869, 1074253) 0.0858 26.4674 5473.263 37289.99 0.6171 0.03471
HP1 ( 8869, 1074253) 0.0981 26.4812 4732.775 27208.75 0.5336 0.02533
HP1 ( 8869, 1074253) 0.0835 26.5566 5605.357 38945.93 0.632 0.03625
HP1 ( 8869, 1074253) 0.0936 26.7468 4968.571 29539.51 0.5602 0.0275
HP1 ( 8869, 1074253) 0.0879 26.5106 5397.65 36056.73 0.6086 0.03356
 
HP4 ( 239, 1074253) 0.1249 1.60492 145.4233 8064.902 0.6085 0.007507
HP4 ( 239, 1074253) 0.1285 1.59915 139.5659 7477.342 0.584 0.006961
HP4 ( 239, 1074253) 0.1223 1.61349 144.2097 7844.156 0.6034 0.007302
HP4 ( 239, 1074253) 0.1143 1.6053 162.7254 10112.61 0.6809 0.009414
HP4 ( 239, 1074253) 0.1204 1.60719 156.6619 9344.779 0.6555 0.008699
 
channel (  #signal, #backgr.)  Optimal-cut  S/sqrt(S+B)      NSig      NBkg   EffSig   EffBkg (with smear, smeared EFlow, trained on single sample, no jet angles)
BP18 ( 13315, 1077400) 0.1070 60.1381 7953.231 9536.715 0.5973 0.008852
BP18 ( 13315, 1077400) 0.1207 59.9889 6840.631 6162.574 0.5138 0.00572
BP18 ( 13315, 1077400) 0.1188 60.25 7004.473 6511.163 0.5261 0.006043
BP18 ( 13315, 1077400) 0.1125 59.1625 7557.439 8760.135 0.5676 0.008131
BP18 ( 13315, 1077400) 0.1140 60.0772 7342.873 7595.837 0.5515 0.00705
 
HP2 ( 613, 1077400) 0.1663 11.4107 359.6626 633.8276 0.5867 0.0005883
HP2 ( 613, 1077400) 0.1661 11.3942 367.3812 672.2215 0.5993 0.0006239
HP2 ( 613, 1077400) 0.1623 11.311 375.4588 726.3824 0.6125 0.0006742
HP2 ( 613, 1077400) 0.1663 11.4107 359.6626 633.8276 0.5867 0.0005883
HP2 ( 613, 1077400) 0.1739 11.2093 339.7977 579.1307 0.5543 0.0005375
 
HP3 ( 673, 1077400) 0.1451 7.03286 373.9409 2453.165 0.5556 0.002277
HP3 ( 673, 1077400) 0.1424 7.04226 382.3961 2566.114 0.5682 0.002382
HP3 ( 673, 1077400) 0.1564 7.11237 302.0716 1501.739 0.4488 0.001394
HP3 ( 673, 1077400) 0.1513 6.89167 344.8793 2159.411 0.5125 0.002004
HP3 ( 673, 1077400) 0.1437 6.83424 383.3075 2762.374 0.5696 0.002564
 
HP5 ( 177, 1077400) 0.2004 3.41904 66.46765 311.4627 0.3755 0.0002891
HP5 ( 177, 1077400) 0.1980 3.35505 64.06167 300.5234 0.3619 0.0002789
HP5 ( 177, 1077400) 0.1848 3.34403 77.83164 463.8835 0.4397 0.0004306
HP5 ( 177, 1077400) 0.1730 3.34617 95.01041 711.1973 0.5368 0.0006601
HP5 ( 177, 1077400) 0.2004 3.41904 66.46765 311.4627 0.3755 0.0002891
 
HP6 ( 15, 1077400) 0.2619 1.38531 1.919086 0 0.1279 0
HP6 ( 15, 1077400) 0.2662 1.3049 1.702761 0 0.1135 0
HP6 ( 15, 1077400) 0.2819 0.915907 0.8388862 0 0.05593 0
HP6 ( 15, 1077400) 0.2521 1.55916 2.430985 0 0.1621 0
HP6 ( 15, 1077400) 0.2545 1.42745 2.037601 0 0.1358 0
 
HP11 ( 8311, 1077400) 0.1283 48.8661 4427.86 3782.708 0.5328 0.003511
HP11 ( 8311, 1077400) 0.1207 48.1132 4887.888 5432.919 0.5881 0.005043
HP11 ( 8311, 1077400) 0.1301 48.3841 4520.646 4208.994 0.5439 0.003907
HP11 ( 8311, 1077400) 0.1227 48.2817 4840.05 5209.243 0.5824 0.004835
HP11 ( 8311, 1077400) 0.1216 48.7234 4784.552 4858.344 0.5757 0.004509
 
HP12 ( 4317, 1077400) 0.1388 29.4248 2225.435 3494.648 0.5155 0.003244
HP12 ( 4317, 1077400) 0.1485 29.2563 1882.793 2258.802 0.4361 0.002097
HP12 ( 4317, 1077400) 0.1388 29.5695 2171.978 3223.408 0.5031 0.002992
HP12 ( 4317, 1077400) 0.1438 29.4784 2099.266 2972.127 0.4863 0.002759
HP12 ( 4317, 1077400) 0.1413 29.0245 2095.265 3116.066 0.4854 0.002892
 
HP13 ( 6391, 1077400) 0.1315 45.2509 3775.101 3184.794 0.5907 0.002956
HP13 ( 6391, 1077400) 0.1197 44.9984 4287.419 4790.735 0.6709 0.004447
HP13 ( 6391, 1077400) 0.1315 45.2509 3775.101 3184.794 0.5907 0.002956
HP13 ( 6391, 1077400) 0.1293 45.7742 3857.196 3243.519 0.6035 0.003011
HP13 ( 6391, 1077400) 0.1278 45.2304 3852.029 3400.988 0.6027 0.003157
 
HP14 ( 2533, 1077400) 0.1426 18.9043 1263.884 3205.959 0.499 0.002976
HP14 ( 2533, 1077400) 0.1322 19.3108 1405.965 3894.913 0.5551 0.003615
HP14 ( 2533, 1077400) 0.1458 19.4301 1229.716 2775.831 0.4855 0.002576
HP14 ( 2533, 1077400) 0.1392 19.0157 1301.897 3385.481 0.514 0.003142
HP14 ( 2533, 1077400) 0.1426 18.9043 1263.884 3205.959 0.499 0.002976
 
HP15 ( 5457, 1077400) 0.1340 36.9821 3101.734 3932.641 0.5684 0.00365
HP15 ( 5457, 1077400) 0.1340 36.9821 3101.734 3932.641 0.5684 0.00365
HP15 ( 5457, 1077400) 0.1340 36.9821 3101.734 3932.641 0.5684 0.00365
HP15 ( 5457, 1077400) 0.1340 36.9821 3101.734 3932.641 0.5684 0.00365
HP15 ( 5457, 1077400) 0.1340 36.9821 3101.734 3932.641 0.5684 0.00365
 
HP16 ( 4808, 1077400) 0.1312 37.6345 2989.353 3319.977 0.6217 0.003081
HP16 ( 4808, 1077400) 0.1303 37.6343 2953.043 3204.003 0.6142 0.002974
HP16 ( 4808, 1077400) 0.1312 37.6345 2989.353 3319.977 0.6217 0.003081
HP16 ( 4808, 1077400) 0.1354 37.9164 2870.693 2861.47 0.5971 0.002656
HP16 ( 4808, 1077400) 0.1331 37.6903 2977.018 3261.832 0.6192 0.003028
 
HP17 ( 1577, 1077400) 0.1510 21.5571 1055.895 1343.273 0.6696 0.001247
HP17 ( 1577, 1077400) 0.1671 21.7101 889.9306 790.3824 0.5643 0.0007336
HP17 ( 1577, 1077400) 0.1510 21.5571 1055.895 1343.273 0.6696 0.001247
HP17 ( 1577, 1077400) 0.1675 21.739 873.9011 742.1165 0.5542 0.0006888
HP17 ( 1577, 1077400) 0.1510 21.5571 1055.895 1343.273 0.6696 0.001247
 
HP18 ( 3698, 1077400) 0.1382 30.0988 2192.453 3113.498 0.5929 0.00289
HP18 ( 3698, 1077400) 0.1479 30.142 1936.922 2192.417 0.5238 0.002035
HP18 ( 3698, 1077400) 0.1413 30.592 2066.076 2495.093 0.5587 0.002316
HP18 ( 3698, 1077400) 0.1506 30.266 1888.58 2005.107 0.5107 0.001861
HP18 ( 3698, 1077400) 0.1408 30.2136 2082.345 2667.743 0.5631 0.002476
 
HP19 ( 2767, 1077400) 0.1482 25.8755 1514.855 1912.552 0.5475 0.001775
HP19 ( 2767, 1077400) 0.1378 25.5505 1752.744 2953.109 0.6334 0.002741
HP19 ( 2767, 1077400) 0.1378 25.5505 1752.744 2953.109 0.6334 0.002741
HP19 ( 2767, 1077400) 0.1291 25.5823 1856.895 3411.711 0.6711 0.003167
HP19 ( 2767, 1077400) 0.1378 25.5505 1752.744 2953.109 0.6334 0.002741
 
HP20 ( 1484, 1077400) 0.1578 14.5559 719.7458 1725.249 0.485 0.001601
HP20 ( 1484, 1077400) 0.1515 15.0227 790.8849 1980.719 0.5329 0.001838
HP20 ( 1484, 1077400) 0.1515 15.0227 790.8849 1980.719 0.5329 0.001838
HP20 ( 1484, 1077400) 0.1623 14.7894 670.4896 1384.857 0.4518 0.001285
HP20 ( 1484, 1077400) 0.1515 15.0227 790.8849 1980.719 0.5329 0.001838
 
BP21 ( 9400, 1077400) 0.0829 21.6396 5437.708 57706.51 0.5785 0.05356
BP21 ( 9400, 1077400) 0.0761 21.6257 5738.328 64670.97 0.6105 0.06003
BP21 ( 9400, 1077400) 0.0801 21.5388 5519.621 60151.89 0.5872 0.05583
BP21 ( 9400, 1077400) 0.0743 21.613 5844.16 67272.13 0.6217 0.06244
BP21 ( 9400, 1077400) 0.0643 21.5056 6316.47 79950.56 0.672 0.07421
 
BP23 ( 14579, 1077400) 0.0854 35.1968 7850.289 41896.41 0.5385 0.03889
BP23 ( 14579, 1077400) 0.0843 35.1005 8011.09 44079.15 0.5495 0.04091
BP23 ( 14579, 1077400) 0.0759 35.1943 8890.71 54924.98 0.6098 0.05098
BP23 ( 14579, 1077400) 0.0805 35.1524 8399.484 48695.1 0.5761 0.0452
BP23 ( 14579, 1077400) 0.0822 35.2168 8116.443 45000.33 0.5567 0.04177
 
HP1 ( 8869, 1077400) 0.0915 26.5658 4959.225 29889.01 0.5592 0.02774
HP1 ( 8869, 1077400) 0.0741 26.6007 6002.449 44915.58 0.6768 0.04169
HP1 ( 8869, 1077400) 0.0816 26.6498 5659.313 39436.8 0.6381 0.0366
HP1 ( 8869, 1077400) 0.0798 26.8819 5793.075 40647.67 0.6532 0.03773
HP1 ( 8869, 1077400) 0.0826 26.6308 5493.666 37061.72 0.6194 0.0344
 
HP4 ( 239, 1077400) 0.1113 1.61102 172.9366 11350.25 0.7236 0.01053
HP4 ( 239, 1077400) 0.1145 1.62198 165.2364 10212.91 0.6914 0.009479
HP4 ( 239, 1077400) 0.1221 1.65109 153.8532 8529.217 0.6437 0.007916
HP4 ( 239, 1077400) 0.1105 1.63058 166.2441 10228.39 0.6956 0.009494
HP4 ( 239, 1077400) 0.1259 1.63993 146.1668 7797.977 0.6116 0.007238
 
channel (  #signal, #backgr.)  Optimal-cut  S/sqrt(S+B)      NSig      NBkg   EffSig   EffBkg (no smear, smeared EFlow, trained on single sample, more vars)
channel (  #signal, #backgr.)  Optimal-cut  S/sqrt(S+B)      NSig      NBkg   EffSig   EffBkg (no smear, smeared EFlow, trained on single sample, more vars)
BP18 ( 13315, 1074253) 0.1200 73.3241 7897.829 3703.883 0.5932 0.003448
HP2 ( 613, 1074253) 0.1643 14.6671 369.254 264.5642 0.6024 0.0002463
HP3 ( 673, 1074253) 0.1271 8.22606 443.3343 2461.22 0.6587 0.002291
HP5 ( 177, 1074253) 0.1801 4.59138 86.68328 269.7554 0.4897 0.0002511
HP6 ( 15, 1074253) 0.2711 0.847305 0.7179255 0 0.04786 0
channel (  #signal, #backgr.)  Optimal-cut  S/sqrt(S+B)      NSig      NBkg   EffSig   EffBkg (no smear, smeared EFlow, trained on single sample, more vars)
BP18 ( 13315, 1074253) 0.1095 73.0838 8638.623 5332.996 0.6488 0.004964
HP2 ( 613, 1074253) 0.1622 14.3754 380.4436 319.9431 0.6206 0.0002978
HP3 ( 673, 1074253) 0.1619 8.56466 264.3174 688.1096 0.3927 0.0006405
HP5 ( 177, 1074253) 0.1751 4.46596 90.30483 318.5717 0.5102 0.0002966
HP6 ( 15, 1074253) 0.2673 0.899646 0.8093628 0 0.05396 0
HP11 ( 8311, 1074253) 0.1209 65.0041 5775.967 2119.321 0.695 0.001973
HP12 ( 4317, 1074253) 0.1384 40.2058 2602.232 1586.812 0.6028 0.001477
HP13 ( 6391, 1074253) 0.1162 60.3197 4814.747 1556.556 0.7534 0.001449
HP14 ( 2533, 1074253) 0.1361 25.4829 1511.403 2006.333 0.5967 0.001868
HP15 ( 5457, 1074253) 0.1333 49.183 3505.463 1574.493 0.6424 0.001466
HP16 ( 4808, 1074253) 0.1217 50.8251 3473.178 1196.61 0.7224 0.001114
HP17 ( 1577, 1074253) 0.1471 27.9438 1113.749 474.8118 0.7062 0.000442
HP18 ( 3698, 1074253) 0.1254 41.7997 2639.917 1348.805 0.7139 0.001256
HP19 ( 2767, 1074253) 0.1471 34.9895 1693.372 648.8592 0.612 0.000604
HP20 ( 1484, 1074253) 0.1417 21.2009 922.8226 971.8178 0.6218 0.0009046
BP21 ( 9407, 1074253) 0.0793 22.3785 5280.123 50390.52 0.5613 0.04691
BP23 ( 14584, 1074253) 0.0975 37.585 7095.913 28548.19 0.4866 0.02657
HP1 ( 8869, 1074253) 0.0935 28.52 4940.482 25067.64 0.5571 0.02333
HP4 ( 239, 1074253) 0.1182 1.64805 139.5293 7028.335 0.5838 0.006543
channel (  #signal, #backgr.)  Optimal-cut  S/sqrt(S+B)      NSig      NBkg   EffSig   EffBkg (with smear, smeared EFlow, trained on single sample, more vars)
BP18 ( 13315, 1077400) 0.1059 74.3013 8823.33 5278.381 0.6627 0.004899
HP2 ( 613, 1077400) 0.1625 14.4272 388.1076 335.5617 0.6331 0.0003115
HP3 ( 673, 1077400) 0.1559 8.11688 299.5864 1062.691 0.4452 0.0009863
HP5 ( 177, 1077400) 0.1944 4.92414 72.36639 143.6134 0.4088 0.0001333
HP6 ( 15, 1077400) 0.2878 1.05541 1.11389 0 0.07426 0
HP11 ( 8311, 1077400) 0.1190 64.9845 5743.83 2068.562 0.6911 0.00192
HP12 ( 4317, 1077400) 0.1335 40.6575 2662.48 1625.884 0.6167 0.001509
channel (  #signal, #backgr.)  Optimal-cut  S/sqrt(S+B)      NSig      NBkg   EffSig   EffBkg (no smear, smeared EFlow, trained on single sample, more vars, no jet angles)
BP18 ( 13315, 1074253) 0.1203 72.4485 8242.993 4702.26 0.6191 0.004377
HP2 ( 613, 1074253) 0.1721 14.4081 339.6048 215.9601 0.554 0.000201
HP3 ( 673, 1074253) 0.1759 8.7664 236.5125 491.3765 0.3514 0.0004574
HP5 ( 177, 1074253) 0.2030 4.27358 70.17633 199.4714 0.3965 0.0001857
HP6 ( 15, 1074253) 0.2526 1.32213 1.748024 0 0.1165 0
HP11 ( 8311, 1074253) 0.1311 63.6507 5494.907 1957.798 0.6612 0.001822
HP12 ( 4317, 1074253) 0.1496 38.9418 2492.328 1603.844 0.5773 0.001493
HP13 ( 6391, 1074253) 0.1227 59.2023 4726.348 1647.098 0.7395 0.001533
HP14 ( 2533, 1074253) 0.1460 25.2299 1403.874 1692.303 0.5542 0.001575
HP15 ( 5457, 1074253) 0.1227 48.3041 3852.252 2507.8 0.7059 0.002334
HP16 ( 4808, 1074253) 0.1335 49.9408 3333.928 1122.654 0.6934 0.001045
HP17 ( 1577, 1074253) 0.1564 27.7105 1069.395 419.9275 0.6781 0.0003909
HP18 ( 3698, 1074253) 0.1354 41.7992 2559.767 1190.529 0.6922 0.001108
HP19 ( 2767, 1074253) 0.1423 35.1483 1865.036 950.5348 0.674 0.0008848
HP20 ( 1484, 1074253) 0.1499 21.2737 924.2547 963.2868 0.6228 0.0008967
BP21 ( 9407, 1074253) 0.0810 22.4042 5417.254 53048.12 0.5759 0.04938
BP23 ( 14584, 1074253) 0.0979 36.8789 7318.464 32062.36 0.5018 0.02985
HP1 ( 8869, 1074253) 0.0936 28.0371 5140.142 28471.1 0.5796 0.0265
HP4 ( 239, 1074253) 0.1156 1.64872 154.1018 8582.076 0.6448 0.007989
channel (  #signal, #backgr.)  Optimal-cut  S/sqrt(S+B)      NSig      NBkg   EffSig   EffBkg (with smear, smeared EFlow, trained on single sample, more vars, no jet angles)
BP18 ( 13315, 1077400) 0.1260 74.0935 7665.649 3038.142 0.5757 0.00282
HP2 ( 613, 1077400) 0.1731 14.3584 366.8603 285.9542 0.5985 0.0002654
HP3 ( 673, 1077400) 0.1559 8.17474 348.3025 1467.069 0.5175 0.001362
HP5 ( 177, 1077400) 0.1885 4.63135 84.07074 245.4438 0.475 0.0002278
HP6 ( 15, 1077400) 0.3234 0.929418 0.8638182 0 0.05759 0
HP11 ( 8311, 1077400) 0.1320 64.2234 5462.571 1771.909 0.6573 0.001645
HP12 ( 4317, 1077400) 0.1438 40.3655 2560.733 1463.726 0.5932 0.001359
HP13 ( 6391, 1077400) 0.1203 59.2557 4781.741 1730.212 0.7482 0.001606
HP14 ( 2533, 1077400) 0.1535 25.711 1279.042 1195.71 0.505 0.00111
HP15 ( 5457, 1077400) 0.1291 48.7869 3719.338 2092.661 0.6816 0.001942
HP16 ( 4808, 1077400) 0.1428 49.742 3247.005 1014.08 0.6753 0.0009412
HP17 ( 1577, 1077400) 0.1514 26.7815 1093.66 573.9522 0.6935 0.0005327
HP18 ( 3698, 1077400) 0.1390 40.4352 2487.004 1295.969 0.6725 0.001203
HP19 ( 2767, 1077400) 0.1603 34.7516 1676.924 651.5841 0.606 0.0006048
HP20 ( 1484, 1077400) 0.1630 21.0881 810.0068 665.3702 0.5458 0.0006176
BP21 ( 9400, 1077400) 0.0881 22.6448 4920.526 42295.26 0.5235 0.03926
BP23 ( 14579, 1077400) 0.0836 37.6325 8327.328 40637.63 0.5712 0.03772
HP1 ( 8869, 1077400) 0.0954 28.7343 4861.642 23764.58 0.5482 0.02206
HP4 ( 239, 1077400) 0.1121 1.64656 165.8407 9978.572 0.6939 0.009262
channel (  #signal, #backgr.)  Optimal-cut  S/sqrt(S+B)      NSig      NBkg   EffSig   EffBkg (no smear, smeared EFlow, trained on single sample, more vars, no jet angles)
channel (  #signal, #backgr.)  Optimal-cut  S/sqrt(S+B)      NSig      NBkg   EffSig   EffBkg (with smear, smeared EFlow, trained on single sample, all vars, PCA, no pruning)
BP18 ( 13315, 1077400) 0.1104 75.1584 8969.767 5273.404 0.6737 0.004895
HP2 ( 613, 1077400) 0.1530 15.305 429.0761 356.8833 0.7 0.0003312
HP3 ( 673, 1077400) 0.1609 8.59254 333.8864 1176.036 0.4961 0.001092
HP5 ( 177, 1077400) 0.2072 5.67817 66.40919 70.37613 0.3752 6.532e-05
HP6 ( 15, 1077400) 0.3061 0.668249 0.4465562 0 0.02977 0
HP11 ( 8311, 1077400) 0.1316 65.3675 5671.275 1855.998 0.6824 0.001723
HP12 ( 4317, 1077400) 0.1366 41.7106 2759.471 1617.356 0.6392 0.001501
HP13 ( 6391, 1077400) 0.1331 59.9226 4608.381 1306.086 0.7211 0.001212
HP14 ( 2533, 1077400) 0.1552 27.0417 1298.76 1007.936 0.5127 0.0009355
HP15 ( 5457, 1077400) 0.1396 50.6697 3557.553 1371.974 0.6519 0.001273
HP16 ( 4808, 1077400) 0.1449 50.3089 3209.822 860.9103 0.6676 0.0007991
HP17 ( 1577, 1077400) 0.1671 27.3921 980.4624 300.7225 0.6217 0.0002791
HP18 ( 3698, 1077400) 0.1427 41.6195 2468.486 1049.292 0.6675 0.0009739
HP19 ( 2767, 1077400) 0.1657 35.7263 1621.92 439.0986 0.5862 0.0004076
HP20 ( 1484, 1077400) 0.1601 21.6059 865.9563 740.4136 0.5835 0.0006872
BP21 ( 9400, 1077400) 0.0929 23.1068 5006.346 41935.78 0.5326 0.03892
BP23 ( 14579, 1077400) 0.0864 38.6394 8452.095 39396.25 0.5797 0.03657
HP1 ( 8869, 1077400) 0.1009 29.6898 4930.58 22648.56 0.5559 0.02102
HP4 ( 239, 1077400) 0.1232 1.72968 152.1634 7586.926 0.6367 0.007042
channel (  #signal, #backgr.)  Optimal-cut  S/sqrt(S+B)      NSig      NBkg   EffSig   EffBkg (no smear, smeared EFlow, trained on single sample, more vars, no jet angles)
channel (  #signal, #backgr.)  Optimal-cut  S/sqrt(S+B)      NSig      NBkg   EffSig   EffBkg (with smear, smeared EFlow, trained on single sample, all vars, PCA, no pruning, split signal for training)
HP3 ( 673, 1077400) 0.1405 8.39004 396.8234 1840.179 0.5896 0.001708
HP17 ( 1577, 1077400) 0.1453 28.4859 1078.151 354.3654 0.6837 0.0003289
HP20 ( 1484, 1077400) 0.1577 21.5369 823.6839 639.0082 0.555 0.0005931
BP21 ( 9400, 1077400) 0.0770 23.0568 5672.691 54858.82 0.6035 0.05092
BP23 ( 14579, 1077400) 0.0881 37.512 7755.302 34986.99 0.532 0.03247
channel (  #signal, #backgr.)  Optimal-cut  S/sqrt(S+B)      NSig      NBkg   EffSig   EffBkg (no smear, smeared EFlow, trained on single sample, more vars, no jet angles)
channel (  #signal, #backgr.)  Optimal-cut  S/sqrt(S+B)      NSig      NBkg   EffSig   EffBkg (with smear, smeared EFlow, trained on single sample, all vars, PCA, no pruning, split signal for training, no Mlv)
HP3 ( 673, 1078562) 0.1690 8.76298 250.4068 566.1534 0.3721 0.0005249
HP17 ( 1577, 1078562) 0.1501 28.5885 1043.545 288.8736 0.6617 0.0002678
HP20 ( 1484, 1078562) 0.1564 21.6919 849.4705 684.095 0.5724 0.0006343
BP21 ( 9400, 1078562) 0.0826 22.8582 5371.663 49853.05 0.5715 0.04622
BP23 ( 14579, 1078562) 0.0830 37.3694 8402.081 42150.4 0.5763 0.03908
